Модель: sequential
================================================================================

Слой: dense_input_layer (Dense)
  Параметр #1, форма: (20, 64)
  Значения: [[ 0.10932226, -0.03480878,  0.15701875,  0.46931675, -0.04253279, -0.04913447,  0.6041294 ,  0.15579496, -0.10779912,  0.15608901, -0.14111991, -0.17213054,  0.06922438, -0.7203964 , -0.5713677 ,
  -0.11125327, -0.2119567 ,  0.08905043, -0.24768972, -0.51449615,  0.47093436, -0.06106507,  0.01438896, -0.32467872, -0.1741656 ,  0.03103479, -0.349834  ,  0.08004578, -0.20602342, -0.11465613,
  -0.14206055,  0.5515339 , -0.0057436 , -0.27074844,  0.26740298, -0.23417205,  0.06850474, -0.37559584, -0.55948263,  0.07026666,  0.27771822,  0.06064441, -0.03743402, -0.08634961, -0.5834404 ,
  -0.3027698 , -0.13807443,  0.4375696 ,  0.11064505, -0.54677767,  0.09333082, -0.08597038, -0.11438762,  0.14176066,  0.31194633,  0.24987124, -0.24035199, -0.13200001,  0.08628482,  0.28034854,
  -0.09739126, -0.03354131, -0.41234002, -0.38118362],
 [ 0.2996807 ,  0.2815063 , -0.02296855,  0.23579171,  0.08252835, -0.11034314,  0.07315007,  0.38396588, -0.00712422,  0.67008466, -0.6535714 ,  0.1663576 ,  0.0191989 , -0.09662532,  0.01696726,
  -0.78644645, -0.09266549,  0.0832577 ,  0.42389718, -0.0900979 , -0.2725816 , -0.13912542,  0.21905155,  0.07318164, -0.18046921,  0.14262742,  0.02091342,  0.3389529 , -0.22267656, -0.12932478,
  -0.07803487, -0.5494269 ,  0.10240089,  0.05178368,  0.00179704, -0.06675611, -0.5908833 , -0.08639441, -0.11573744, -0.21568641, -0.06783662,  0.10307878,  0.7960027 ,  0.07087724,  0.06165272,
  -0.0282995 , -0.82668245, -0.00622289,  0.01706377,  0.75209606, -0.04729422,  0.05187516, -0.00784882, -0.28332418,  0.32583058,  0.16029036,  0.3152572 , -0.32201096,  0.2672224 , -0.47610283,
   0.19986317,  0.9209604 , -0.16720006, -0.13220456],
 [ 0.04114973, -0.2084809 , -0.55550164,  0.02537937, -0.20412326,  0.1438126 , -0.21067494,  0.33454028, -0.29914016, -0.06558785,  0.23732252, -0.5117745 ,  0.04937238,  0.55709153, -0.69200873,
   0.05810113,  0.05533364,  0.19659068, -0.34642798, -0.3296673 ,  0.12635568,  0.12612008,  0.05222483,  0.12527518, -0.11431781,  0.07557355,  0.12010372, -0.17431217,  0.4048336 ,  2.93791   ,
  -0.42425507,  0.22955744, -0.24591185,  0.18463543,  0.4870302 , -0.33791682,  0.27815711,  0.16156046,  0.2362711 ,  0.53117543, -0.05138069, -0.21147665, -0.27564102, -0.14190297, -0.02199294,
   0.1276857 ,  0.09615895,  0.27767006,  0.00530637,  0.2511132 , -0.08338293,  1.022403  ,  0.19452782, -0.21729666, -0.2184301 ,  0.19410668, -0.06531399,  0.2854734 ,  0.1526972 , -0.02519784,
  -0.32205677, -0.5181036 , -0.12193719,  0.260002  ],
 [ 0.08135648, -0.33216837,  0.04683922,  0.07446728, -0.36189568,  0.02952038,  0.01974016, -0.31669804,  0.09842141,  0.19481748,  0.20113643,  0.3422099 , -0.51224005, -0.36260834,  0.10971282,
   0.2080415 ,  0.17574589,  1.544212  ,  0.16904874,  0.35327083,  0.39173803,  0.26418874,  3.6192906 ,  0.1824903 , -0.21005157, -0.0640286 , -0.11829904,  0.01956014,  0.91503227, -0.34813955,
   0.23805635, -0.34451562, -0.12220655,  0.20063627,  0.01538048, -0.39969584, -0.2872975 ,  0.15391745, -0.2120814 ,  0.06324174,  0.01816602, -0.24068744,  0.65058494,  0.21875104, -0.7932519 ,
   0.03179387, -0.1815697 ,  0.34737697, -0.28803584, -0.03571862,  0.15544829,  0.22493298, -0.36659142, -0.114072  , -0.1322475 , -0.23293567,  0.69799936,  0.08457509, -0.36213648,  0.2530704 ,
   0.7416739 ,  0.24156074, -0.51206756, -0.19352761],
 [ 0.35269126, -0.28908873,  0.190929  ,  0.15183471, -0.21275468, -0.02493519, -1.3645687 , -0.19852091, -0.04343152, -0.2626963 ,  0.70348334, -0.30822393, -0.1323093 ,  0.05124799,  0.24989665,
  -0.47036704,  0.28047916,  0.00404878, -0.23834342,  0.16141437,  0.06887346, -0.1359337 ,  0.01236802, -0.10636269,  0.02773762,  0.25264928,  0.60157007, -0.3573008 ,  0.69988924, -0.6393566 ,
  -0.05864517,  0.16484685,  0.06763978, -0.14818332, -0.06442523, -0.1412818 , -0.16749269,  0.1631748 ,  0.12770851, -0.15550727,  0.19790816,  0.08511219,  0.18544106,  0.20282774, -0.22056766,
  -0.16049898,  0.23152106,  0.13533945, -0.00437091,  0.04698157,  0.36094424, -0.16374265,  0.09705596, -0.06054977, -0.06841738,  0.34670144,  0.29273906,  0.17478678,  0.30624825,  0.00802416,
   0.2850925 , -0.06325912,  0.09704875, -0.02922265],
 [ 0.01783361,  0.15112993, -0.16849908,  0.7436812 , -0.3107623 , -0.25008923,  0.19738816,  0.3019033 ,  0.13388327,  0.20612322, -0.00314678, -0.28942582,  0.01905215, -0.1293054 ,  0.22121449,
  -0.03200667, -0.23196232, -0.10984547,  0.09813102, -0.09650201, -0.25077677,  0.07991003,  0.10342435, -0.1640571 , -0.13772668,  0.07411166, -0.5980093 , -0.5442547 , -0.18195777, -0.04922841,
   0.07378934,  0.44432884,  0.3125561 , -0.04811748, -0.00353508, -0.3599334 , -0.00704936, -0.07055609,  0.1107987 , -0.23213777,  0.20915513,  0.5995148 , -0.03335826,  0.14082304,  0.27688876,
  -0.11991248,  0.05617958,  0.00462101,  0.02208432, -0.20915498,  0.00971956,  0.17890464,  0.3984929 ,  0.215541  ,  0.5640814 , -0.18646814,  0.18710193,  0.06678047,  0.5136105 , -0.23270924,
  -0.22661312, -0.25610155, -0.5761032 , -0.09942836],
 [-0.14553636,  0.04872142,  0.11149172,  0.52261186,  0.26802593, -0.10513388, -0.2734489 ,  0.14819126, -0.27392334,  0.35789195,  0.23662297, -0.09133511, -0.5635578 ,  0.29767784, -0.02684557,
   0.26467365, -0.6710444 , -0.2359254 ,  0.00120002,  0.0119555 , -0.1005499 ,  0.18551913, -0.1848875 , -0.04915526,  0.03682415,  0.20847154,  0.15043515, -0.42768434, -0.57848024,  0.25754878,
   0.09079471, -0.15936798,  0.36490262,  0.02747238,  0.37129748,  0.01867645,  0.86180776,  0.35345843, -0.10582339,  0.22238152,  0.24010484,  0.3524063 , -0.19855566,  0.27063546,  0.2641185 ,
  -0.6013796 , -0.37573326, -0.5965645 , -0.08052472,  0.25925577,  0.28720868,  0.02551822,  0.65876585, -0.25291198, -0.34941906, -0.01984113,  0.10886042, -0.00897591, -0.4220873 , -0.0268953 ,
  -0.26273054,  0.19676842,  0.13549267, -0.2219825 ],
 [-0.15155351, -0.45534766, -0.02189229,  0.37261838, -0.27355847,  0.18685775, -0.09475408, -0.15893021, -0.02371907, -0.28377578, -0.21663004, -0.31074658,  0.6696176 ,  0.01252769, -0.2258379 ,
   0.05612947, -0.0359834 , -0.05708929,  0.1167793 ,  0.32580426, -0.10693639, -0.10773557, -0.11000201, -0.57014984, -0.5146777 ,  0.34835818,  0.446352  , -0.05907081,  0.14907666,  0.08603729,
   1.1028239 ,  0.3392822 , -0.05335458, -0.17109565, -0.48323518,  0.06556317, -0.31080872, -0.25739643, -0.20651789, -0.42543587,  0.3911957 ,  0.35207507, -0.00137949,  0.53480446,  0.03205693,
  -0.29412872,  0.43242058,  0.09692221, -0.42621487, -0.05560901, -0.15380685, -0.48413584,  0.2734123 ,  0.38346273, -0.31407318,  0.10416368, -0.20795414, -0.16183074, -0.17861623, -0.3315262 ,
   0.01918091, -0.27464965,  0.04634757, -0.01766074],
 [-0.06651162, -0.28797647, -0.19573155,  0.19675106,  0.20543316, -0.1988048 ,  0.03429737,  0.12709783, -0.6879751 ,  0.1074229 , -0.12791914,  0.1460242 , -0.2035013 , -0.4053318 , -0.5248371 ,
   0.01370081,  0.04597669, -0.22823879,  0.24391313, -0.58166695, -0.02374683, -0.42664447, -0.16302218,  0.0092101 , -0.20644014, -0.14905038,  0.42953035, -0.17213047,  0.14253639, -0.23155808,
   0.13405597,  0.46237814, -0.46423593, -0.33234224,  0.15256754, -0.08302977,  0.13882999, -0.22192556,  0.02841651, -0.05191383,  0.39288026,  0.0849721 ,  0.10606944, -0.17645358, -0.17618418,
  -0.16139345,  0.1571222 , -0.09469157,  0.05509324,  0.613248  ,  0.26457566, -0.1261398 ,  0.3425368 , -0.13005574, -0.62600327, -0.17952558, -0.61814094, -0.13589633,  0.00386013,  0.5446805 ,
   0.10615763, -0.04630576,  0.1663741 , -0.94356596],
 [ 0.06407346,  0.17578758, -0.31527847,  0.39373374,  0.11132929, -0.14032486,  0.12100915,  0.91711724,  0.04924326,  0.06223623, -0.1332438 , -0.23028865,  0.32879996, -0.35384077,  0.01775642,
  -0.1891901 ,  0.17929274,  0.1380471 ,  0.24162032, -0.16336703, -0.06489946, -0.37737307, -0.07526576,  0.11964661,  0.19496219, -0.23348166,  0.29414877,  0.5324836 ,  0.1359488 ,  0.7380268 ,
  -0.18404858, -0.3798045 , -0.5103889 ,  0.25593466,  0.20612414, -0.01904567,  0.09078414, -0.40785235,  0.779788  ,  0.0239863 ,  0.0217413 ,  0.23621474,  0.11572818,  0.04231997, -0.22245146,
   0.14820191,  0.47951904,  0.48192206,  0.5384261 , -0.13080171, -0.36346835, -0.0426739 ,  0.01873948,  0.34369093, -0.28942308,  0.5382149 , -0.04223157, -0.17794493, -0.38859543, -0.5347692 ,
   0.1930961 ,  0.01626056, -0.33263138, -0.3805122 ],
 [-0.0826572 ,  0.5072847 , -0.05494453, -0.64051354, -0.04828656, -0.11291663, -1.1035244 , -0.01665197, -0.0829924 ,  0.19710769,  0.6181599 ,  0.2905547 , -0.06655156, -0.35481048,  0.7707373 ,
   0.01900898,  0.00339427, -0.00639018,  0.03766563, -0.02624486, -0.13476048, -0.10259138, -0.00639988, -0.20792143, -0.12707378,  0.03639498, -0.06118312,  0.5987216 , -0.7847877 ,  0.2714274 ,
   0.37962818, -0.55740386, -0.10862356, -0.0736332 , -0.6069268 , -0.21805838, -0.2886752 ,  0.6229241 ,  0.24708407,  0.49334356,  0.20778921, -0.40415925, -0.10299881,  0.1915292 , -0.4426908 ,
   0.15963551, -0.04959247, -0.09426787,  0.3026433 ,  0.10475886, -0.10410899,  0.20395549, -0.29498765,  0.19637781,  0.24888006, -0.09423161,  0.12531477, -0.39090005,  0.16518576, -0.04644043,
  -0.16724265,  0.43948954, -0.27808222, -0.32153183],
 [-0.35196787,  0.13399465, -0.5269475 ,  0.68981636, -0.77566284,  0.4608968 ,  0.06354928, -0.02810324, -0.12799992,  0.12027065, -0.00662563,  0.22374734,  0.04592633,  0.0550771 , -0.10167953,
  -0.01734152,  0.08177669, -0.6217589 , -0.5056038 ,  0.2746415 ,  0.06130131, -0.0408423 ,  0.00474165,  0.10150748, -0.13781649, -0.2858746 ,  0.04993062, -0.20007065,  0.11159454, -0.726488  ,
   0.23426947,  0.1557728 ,  0.07227845,  0.18351802,  0.49431187,  0.35844934, -0.55868703, -0.50957364, -0.15263028,  0.00497738,  0.21495962, -0.194386  ,  0.05979731, -0.28484645, -0.15509242,
  -0.50227284, -0.18810931, -0.33102965, -0.20122859,  0.40266487, -0.2153041 ,  0.940799  ,  0.20572875,  0.05680603, -0.2665782 ,  0.20288879, -0.14623216,  0.03581878,  0.8375091 , -0.04114262,
   0.47760335, -0.27818248, -0.01409093,  0.51620996],
 [-0.21415019,  0.73276865,  0.1923238 , -0.23730771,  0.17566232,  0.31771976,  0.22098407, -0.6578555 , -0.16911662, -0.090339  , -0.02273906,  0.148278  ,  0.06628677, -0.41901326,  0.13021666,
   0.15462832,  0.16516972,  0.35771844,  0.22924225,  0.10118967, -0.02960103, -0.5033167 ,  0.15541653,  0.05742906,  0.07108706, -0.3517332 , -0.29840177,  0.32822937, -0.01232048,  0.20393814,
   0.00576515,  0.00889601,  0.19951989, -0.10387973,  0.039815  , -0.15149076, -0.1486435 , -0.08473589,  0.09062412, -0.16105758,  0.46596193, -0.23733975, -0.07875577,  3.352482  ,  0.56930244,
   0.04195644,  0.24716215, -0.36159346,  0.06396389,  0.3503613 ,  0.01451634,  0.20040663, -0.12431141,  0.31113666,  0.5269326 , -0.13739136, -0.14107524,  0.24638276,  0.44439873, -0.1441429 ,
  -0.08323126, -0.09763877, -0.4750665 , -0.32916752],
 [-0.36180833, -0.1290007 , -0.01456193,  0.08969279,  0.63051283, -0.17184651,  0.40803975, -0.08169755, -0.01924266,  0.12998904, -0.4075901 ,  0.16115436,  0.05778164,  3.3395941 ,  0.12077019,
   0.69960195, -0.20803939, -0.1559821 , -0.2581493 , -0.10447767, -0.19140455,  0.4153894 ,  0.53562003, -0.1837329 , -0.339563  ,  0.19643214, -0.10215037,  0.17356625,  0.03534781, -0.38646322,
   0.47931376,  0.733526  , -0.23990086, -0.07818387,  0.05504625,  0.10821904,  0.20314717,  0.47907937, -0.07174425, -0.32955685, -0.37833267, -0.29459396, -0.00892316,  0.65056247, -0.15199591,
   0.04483859, -0.00678224,  0.34211645,  0.9145084 , -0.14064513, -0.08466546,  0.20313108,  0.20388688,  0.64662564,  0.14970174, -0.12633032,  0.20817026,  0.39230266,  0.24452484,  0.2077439 ,
   0.31696013,  0.33543584,  0.30495477,  0.16167209],
 [-0.0299436 ,  0.04918625,  0.28185672, -0.20284267,  0.1369603 , -0.10006004,  0.00666707,  0.2718388 ,  0.07119637,  0.00939144, -0.39135435,  0.22524138,  0.22557797,  0.7250945 , -0.1175806 ,
   0.03940638,  0.06141331,  0.38167334, -0.01968314,  0.06817697,  0.1518392 ,  0.05706087, -0.15322405,  0.05213462,  0.3842959 , -0.26355538,  0.03252902, -0.21764912,  0.20825016, -0.28798032,
  -0.15557252,  0.15727055,  0.56120765, -0.01257575, -0.21732062,  0.6797136 , -0.47681633, -0.845567  ,  0.12086537, -0.11370337, -0.3096114 ,  0.22164065,  0.07560703, -0.17891417, -0.5357537 ,
   0.3543859 ,  0.25955334, -0.03764458,  0.7701677 , -0.20759921, -0.3630636 , -0.20666932, -0.01784625,  0.07333369, -0.08816724,  0.07206061, -0.29365775,  0.52147174, -0.01737413,  0.29134378,
   0.08154282,  0.11892186,  0.202266  ,  3.3243823 ],
 [ 0.20219384,  0.25836334,  0.07478116,  0.18834727, -0.03043952,  0.51772624, -0.15107255,  0.72317517, -0.01327956, -0.40231025,  0.02768804, -0.28384015,  0.30880034, -0.14548194, -0.11473859,
  -0.72133976, -0.15905754, -0.8972403 , -0.45058405,  0.2715819 ,  0.21219303,  0.09520609, -0.32396287, -0.02030918, -0.00090063, -0.33557358,  0.52008015,  0.27282253, -0.08632296,  0.00992357,
   0.03821542, -0.8811785 , -0.09062369, -0.27011383, -0.34046686, -0.11077018,  0.3553471 ,  0.16649276, -0.22811468,  0.12667648,  0.2639967 ,  0.3477209 ,  0.02317047, -0.13646497,  0.27478394,
   0.13744707,  0.27330413,  0.24592966,  0.29249123, -0.11733127,  0.32039168,  0.05954927,  0.63974345,  1.8223441 ,  0.65431446,  0.06362451, -0.2437133 , -0.10579108, -0.05805239,  0.16908923,
   0.09826504, -0.13374424, -0.0085622 ,  0.5914685 ],
 [ 0.689889  ,  0.10762651,  0.00650369,  0.02969252,  3.6789153 , -0.273339  , -0.07958248, -0.66646904,  0.16324076,  0.15417318, -0.14012653,  0.49261695, -0.51306343, -0.6320754 ,  0.05165703,
   0.37687445,  0.45095617, -0.07807483,  0.18385324, -0.01115165, -0.05125657,  0.15372007,  0.22788824, -0.38718855,  0.46630883,  0.34149343, -0.13269652,  0.10904144,  0.11329108,  0.08059706,
  -0.12133718, -0.20297746, -0.0053548 ,  0.40475255,  0.19952275, -0.07306442,  0.22495005, -0.53185177,  0.37440592, -0.4137087 , -0.11137551, -0.3410623 , -0.533447  ,  0.36328998, -0.15055844,
   0.09495468, -0.01963894,  0.1780207 ,  0.01869438, -0.5014849 ,  0.28109932, -0.1909693 , -0.5996614 , -0.09326991,  0.52992016,  0.20807455, -0.08595602, -0.08599978, -0.11564389,  0.47489843,
   0.06425649,  0.15344855,  0.21964899,  0.04670319],
 [-0.05976212, -0.05267943, -0.02102494, -0.00669131,  0.30868328,  0.01854679,  0.18559475, -0.02035156,  0.02252232, -0.6660575 ,  0.18935223,  0.07549203,  0.39410493, -0.6825063 ,  0.5604602 ,
  -0.05555887,  0.38018543, -0.26851612,  0.21354967, -0.18244775, -0.22593515,  0.56764853, -0.07297036,  0.0913271 ,  0.35882306,  0.202261  ,  0.04560895,  0.09601303,  0.69883955, -0.02017422,
   0.08071622,  0.2339223 ,  0.45371115,  0.45487902,  0.27236605, -0.4576437 ,  0.39513272, -0.224652  ,  0.05981034, -0.1847093 , -0.02117492,  0.12504168,  0.13027889,  0.14036076,  0.27350256,
   0.09850204, -0.0474464 ,  0.25443962,  0.35726538, -0.22030264,  0.15532294,  0.1509649 , -0.1008224 ,  0.39973626, -0.04483119,  0.03527576, -0.07275753,  0.00350046, -0.33370543, -0.5217428 ,
   0.5022801 , -0.35001653, -0.26547867, -0.6253669 ],
 [-0.12227804, -0.43499985,  0.40079612,  0.21238633, -0.21453518,  0.6949438 ,  0.18460147, -0.11444747, -0.83149195,  0.49919766, -0.40565902, -0.58932465,  0.31471756,  0.6646108 ,  0.35035577,
   2.95532   ,  0.24737301,  0.29471907,  0.14247587,  0.08143889,  0.04201155, -0.0120766 , -0.32349846, -0.11747777, -0.3194008 , -0.04075402, -0.26085657, -0.431507  ,  0.0500921 ,  0.39586562,
   0.3080403 , -0.5849519 , -0.17508534,  0.30536792, -0.21349207, -0.05825426,  0.14293858, -0.28259382,  0.02699847, -0.261927  , -0.12414993,  0.05654628, -0.46538636,  0.18498802, -0.00389885,
   0.23083794,  0.08096901,  0.45876   ,  0.04237013, -0.1658605 ,  0.02399805,  0.16367133,  0.01720031,  0.01310789, -0.27227005, -0.12401532, -0.49139586,  0.54059005, -0.33347782, -0.17865354,
  -0.23843923,  0.36085388, -0.08818714,  0.4812877 ],
 [-0.18465044,  0.05441283, -0.15390226,  0.3894567 , -0.31870347,  0.07963345,  0.22659765,  0.15066627, -0.0336159 , -0.02938836,  0.0105325 , -0.04594835,  0.19870563,  0.44953302, -0.23256342,
  -0.5209492 , -0.01904181,  0.71028143, -0.21046968,  0.61766034,  0.50783366, -0.11168772,  0.20659429,  0.44419146, -0.09000947, -0.05438276, -0.17415977, -0.26239833, -0.15054353, -0.33438602,
   0.00589854, -0.28638342,  0.04982666, -0.27942458,  0.11269002,  0.3103388 , -0.76330346,  0.111576  ,  0.27280918, -0.43864983,  0.5899568 ,  0.09763791, -0.28658706, -0.01090587,  0.23864551,
   0.03003014,  0.18835191, -0.38284367,  0.06074806, -0.3085865 , -0.03166931, -0.16891937, -0.19923267,  0.44966993,  0.2946767 ,  0.15545063, -0.35519162, -0.12601346,  0.2190393 ,  0.03823015,
   0.48653865,  0.13828014,  0.03762459, -0.10618436]]

  Параметр #2, форма: (64,)
  Значения: [ 0.02168275, -0.02241449,  0.1960031 ,  0.11026982, -0.14859037, -0.15416522, -0.3619388 ,  0.10169191, -0.1860415 , -0.291201  ,  0.06926189,  0.57418334, -0.00151592,  0.17223616,  0.01765966,
 -0.01456728,  0.14941439, -0.04078173,  0.04168004,  0.04876298, -0.13590495,  0.2093539 , -0.04869318, -0.11065654,  0.1206798 , -0.22986192,  0.00593502, -0.00143059,  0.17179827,  0.05644567,
 -0.00414842,  0.1987583 ,  0.16732973,  0.08400398,  0.00244629, -0.32762673, -0.20464672, -0.0716854 , -0.10988261, -0.02620304,  0.0103145 ,  0.11339363, -0.0196591 ,  0.06037493,  0.01297879,
 -0.3356118 , -0.1892412 , -0.01674581, -0.20213087,  0.1537598 ,  0.32068273,  0.23315221, -0.03463162,  0.24515809,  0.02667478, -0.08732564, -0.17312033, -0.05722828, -0.07034932,  0.04447743,
  0.03004907,  0.00063709,  0.06669675,  0.2891561 ]

--------------------------------------------------------------------------------
Слой: dense_hidden_layer_1 (Dense)
  Параметр #1, форма: (64, 48)
  Значения: [[ 0.24407096, -0.47217914, -0.7962135 ,  0.1749991 , -0.40656415, -0.07102856, -0.25291243, -0.32070568,  0.07611833,  0.181589  , -0.1254113 , -0.6790608 , -0.09907183,  0.12895305, -0.290911  ,
   0.03480437, -0.0037625 ,  0.14467645,  0.02239965, -0.19442828,  0.21219419, -0.04725152, -0.00844856, -0.22558232, -0.13169877, -0.26712707, -0.02947357,  0.6034785 , -0.4398686 , -0.29848686,
   0.26621756, -0.03509216, -0.11403895,  0.31675038, -0.14736076,  0.57016337,  0.20620883, -0.13320704,  0.6277781 , -0.08724612,  0.15479447,  0.08389796,  0.18492001,  0.22994022,  0.01047865,
  -0.21885695,  0.09124989, -0.1974536 ],
 [ 0.6328891 ,  0.02833036, -0.05404137,  0.06375375, -0.29089788, -0.15878698,  0.29795295, -0.20302166, -0.19761744,  0.10694835,  0.22931197,  0.25750613,  0.18270385, -0.20177251, -0.48847476,
   0.25870568, -0.1140957 , -0.08740151,  0.4444215 ,  0.10412762,  0.12741704,  0.66551334, -0.22968848,  0.1667266 ,  0.01759001,  0.05762278,  0.27304226,  0.11817487,  0.16937158,  0.2598331 ,
  -0.0942509 , -0.3012218 , -0.23801176, -0.54151136,  0.4530929 , -0.24978054, -0.06483638, -0.09587017,  0.07971638,  0.25210193,  0.13735346, -0.10871757, -0.0418588 ,  0.04080527, -0.04865097,
   0.40798977,  0.07035252,  0.1456529 ],
 [ 0.16776648,  0.312253  ,  0.06221084, -0.36567554,  0.09242459, -0.22450791, -0.16528483,  0.10789213,  0.209004  ,  0.00614065,  0.08127691,  0.5340328 ,  0.07283677,  0.72208816,  0.20188925,
  -0.45320228,  0.12421343,  0.12281693,  0.25202766,  0.20936376, -0.04853762, -0.35908055, -0.05667177, -0.2052178 , -0.12781395,  0.12811059,  0.4675766 ,  0.12048536, -0.34593758,  0.08165138,
   0.29757494, -0.1915699 , -0.03278796,  0.00379039, -0.2430437 ,  0.18507004, -0.02782483,  0.14137857, -0.15598984, -0.15705349,  0.1200219 , -0.05342289,  0.57992166, -0.07748537,  0.06752538,
   0.2969587 , -0.46660972, -0.63063496],
 [-0.31228465,  0.374045  , -0.0912707 ,  0.58710176, -0.18425718,  0.04076457,  0.4164329 ,  0.5031886 ,  0.58156943,  0.42780608,  0.15592562,  0.15777306,  0.2567551 , -0.13553888, -0.12868303,
  -0.00088856, -0.0362589 , -0.0789012 ,  0.22757077,  0.24336581,  0.03052874,  0.4688552 , -0.3338913 , -0.02732644, -0.16782327, -0.3424105 , -0.02814248, -0.02172079,  0.3071292 ,  0.1600395 ,
  -0.20272754,  0.34517685,  0.33187923,  0.09288213, -0.03460607, -0.21289377, -0.11112091,  0.28531474,  0.43917048,  0.40813443, -0.10774209, -0.3873341 ,  0.02142585, -0.5095689 ,  0.10861091,
  -0.04676856, -0.08411448, -0.32707965],
 [ 0.15292472, -0.08445413, -0.3727467 , -0.8563923 ,  1.8803787 ,  0.28719887,  0.49490127, -0.1323568 , -0.19439583,  0.0699182 , -0.1448501 ,  0.06701638,  0.13232766,  0.32249275, -0.03423434,
  -0.04605584, -0.28612494, -0.11580707, -0.04010335,  0.05389001,  0.1938557 , -0.2729216 ,  0.24081466, -0.07412794, -0.00511382, -0.2588812 , -0.40473711,  0.16500364,  0.10794707, -0.06624301,
   0.01347339,  0.17097157, -0.42671093, -0.14554237,  0.20414218, -0.20094603,  0.06983864, -0.48822176,  0.1510069 , -0.01199553, -0.5186347 ,  0.18946719, -0.13960077, -0.11399179,  0.04147214,
   0.18825434, -0.24787529,  0.01782351],
 [ 0.14253482,  0.21127784,  0.06113503, -0.05573598, -0.11808021,  0.0245936 , -0.21834919, -0.5719134 ,  0.09289781,  0.18020405, -0.59667826, -0.2391372 ,  0.1564815 ,  0.5925525 ,  0.00468209,
  -0.14217001, -0.03229295,  0.2981891 , -0.19585468, -0.24493243, -0.13841183, -0.18254927,  0.0330448 ,  0.43143618,  0.0796515 , -0.0658631 , -0.07242579, -0.41330826,  0.26264682, -0.0127745 ,
  -0.05503152,  0.54249287,  0.04620457, -0.2666885 , -0.14945462,  0.17605218,  0.02690351, -0.26029074,  0.22684352, -0.21556933,  0.65403306,  0.30191186, -0.09745321,  0.34937367,  0.01415739,
   0.29008052,  0.16068316, -0.22243182],
 [-0.13608232,  0.21067409, -0.0493298 , -0.12895785, -0.22835483,  0.08960359,  0.5025224 , -0.34174114,  0.0040547 ,  0.46417475, -0.02687514,  0.15755013, -0.2416386 ,  0.0804236 , -0.04158364,
   0.21019772,  0.21224985,  0.70850116,  0.14192742,  0.10766077,  0.02858695, -0.09946962,  0.10420183, -0.09071395,  0.05642369,  0.39578974, -0.34636962,  0.24300438,  0.33020875, -0.01689531,
  -0.30030754, -0.11720501,  0.21034344, -0.00451065, -0.17882466, -0.07383565,  0.28585026,  0.07753179, -0.0721427 , -0.06363396, -0.13346829, -0.31031272,  0.45853773, -0.09279333,  0.17183188,
   0.54261047,  0.33256048, -0.14542297],
 [ 0.11507672, -0.0052227 , -0.3041885 ,  0.06621267, -0.3110266 ,  0.19233377, -0.15928486,  0.03439217,  0.05367662, -0.06803751,  0.18076064, -0.13119559,  0.1664783 , -0.18871641,  0.03874458,
   0.6917044 , -0.3182863 , -0.1635029 ,  0.17412677,  0.04133371,  0.08958091,  0.11983546,  0.15136664,  0.34460837,  0.10486815, -0.05058637,  0.132359  ,  0.28176087, -0.03558602, -0.18573701,
   0.19107045, -0.0341693 , -0.6297831 ,  0.25886536, -0.13425331, -0.03048183,  0.11486367,  0.06050681,  0.19852631, -0.09006669,  0.18279286, -0.05198978,  0.13637298,  0.14601065, -0.14265901,
   0.38581553, -0.14441824,  0.21213898],
 [ 0.10441067,  0.45834228, -0.03286156, -0.09596029, -0.00577846, -0.07024214,  0.24526621, -0.30700248, -0.1988097 , -0.18741195,  0.21081515,  0.5582461 , -0.03364734, -0.03785343,  0.01888649,
   0.34691316, -0.17903988,  0.04218917,  0.34508452,  0.13823314,  0.06747427,  0.2145305 , -0.79655325,  0.1281    , -0.12915643, -0.46245167,  0.10751408,  0.24296825, -0.02719196,  0.14089645,
   0.47557887,  0.3264481 ,  0.2635972 ,  0.13193   ,  0.01226231, -0.44017282, -0.03954871, -0.25798464,  0.31372815, -0.03427358,  0.04139024,  0.16438505,  0.00680429,  0.5435143 , -0.15470827,
   0.06349891, -0.20207284, -0.38281083],
 [-0.21936226, -0.00707824, -0.11903178, -0.1670609 , -0.20909047, -0.01189935, -0.2501301 ,  0.21494396,  0.02182806, -0.38152066, -0.04545636, -0.18295953,  0.10960996,  0.30491254, -0.5203284 ,
   0.03583754, -0.05003566,  0.1706826 ,  0.07008827, -0.17002265, -0.10704659, -0.15351357,  0.21697427,  0.00323269,  0.59892833, -0.01405827, -0.13488466, -0.28911015, -0.6100165 , -0.51240724,
   0.06992756,  0.14017633, -0.38636652,  0.2024278 , -0.16491942,  0.02460762,  0.37412918,  0.19354117, -0.06702341, -0.21449126, -0.54689616, -0.12281857, -0.05339297, -0.19085354, -0.02369883,
   0.01185544, -0.06920698, -0.15212479],
 [ 0.04686266,  0.13261336, -0.31561565,  0.34357637, -0.02221562,  0.00419802,  0.19887422,  0.05803695,  0.31149372,  0.09544996, -0.1087219 ,  0.06144526, -0.318743  ,  0.02239257, -0.00478796,
  -0.0698235 , -0.02441161, -0.64818734, -0.1634298 ,  0.02857615,  0.02946497, -0.1968232 ,  0.3223491 , -0.15405956,  0.20086665,  0.09001914, -0.11316641,  0.32868147, -0.37418294,  0.16249092,
   0.1463458 , -0.18673962,  0.49393013, -0.05322666,  0.04795324,  0.0691116 , -0.04558411,  0.2533724 ,  0.21975946, -0.36598948,  0.3381028 , -0.2661215 ,  0.29878584,  0.337472  , -0.38435507,
  -0.08104849, -0.15928827, -0.05588675],
 [-0.09102225,  0.24472737,  0.23929195,  0.27576706, -0.14209922, -0.04450823, -0.55437726, -0.19681542,  0.30480367,  0.43255025, -0.3827467 , -0.12630631, -0.00852673,  0.05614595, -0.21061167,
   0.07933401, -0.11590861, -0.00303496,  0.10853289,  0.00226537, -0.07646193, -0.03433107, -0.03150284, -0.05342157, -0.07603067,  0.3127603 ,  0.08352501, -0.06755735,  0.24097054, -0.04759876,
   0.31596336,  0.09252411, -0.03563982,  0.07095435, -0.45545313, -0.32633907, -0.3428924 ,  0.04964608,  0.55627465,  0.33298585,  0.15545364,  0.11396699, -0.37503856, -0.12985863, -0.17687535,
  -0.14596963, -0.05976464, -0.07529809],
 [-0.6786837 ,  0.18372571, -0.29738936,  0.07719067,  0.4548502 , -0.21577296, -0.58220416, -0.06361902,  0.37830785,  0.6313018 , -0.20162153,  0.08135294, -0.10894374, -0.01713234,  0.7303689 ,
  -0.25792798,  0.06468385,  0.06621993,  0.2276364 ,  0.02831536,  0.07593094, -0.13912113,  0.08943164, -0.07515759,  0.09324016, -0.12050693,  0.12839195, -0.00937984,  0.18934421, -0.01847817,
  -0.34908974,  0.37772477, -0.30773854, -0.12542583, -0.20241576,  0.28600127, -0.7577605 ,  0.6334399 ,  0.3693621 ,  0.03388316, -0.01625081,  0.0734058 ,  0.12774429,  0.12205463,  0.1640317 ,
   0.01630172, -0.0516287 , -0.0296063 ],
 [-0.06826403,  2.7393281 ,  0.10917895, -0.56840163,  0.15157534,  0.03723369, -0.00464158, -0.12896575,  0.3334725 ,  0.25355014, -0.12333636,  0.11913536, -0.17160541, -0.4318216 , -0.12221768,
   0.1998603 ,  0.20692673,  0.16877383,  0.12169991,  0.13649915, -0.109856  ,  0.12744094,  0.27143264,  0.17772137,  0.29411376,  0.24367991,  0.08948508,  0.26461783, -0.00708734, -0.25718158,
  -0.02666379, -0.2388488 , -0.15921454, -0.02253287, -0.24799588, -0.06865355, -0.30691868,  0.05960096,  0.00040218, -0.27397454,  0.23118821,  0.31023747, -0.22581555, -0.17058572, -0.2461866 ,
  -0.20731975,  0.22589974, -0.05299008],
 [-0.05827409, -0.67927784,  0.15930581, -0.3002135 ,  0.02154296,  0.06894761,  0.24389482, -0.33096832, -0.9634771 ,  0.05716053,  0.56443864,  0.36643726,  0.04107814, -0.16207205,  0.27164322,
  -0.17788012,  0.08036167,  0.17925644,  0.35096264,  0.9286586 ,  0.13146044, -0.13190867, -0.00721729, -0.45992404, -0.10508606, -0.12442623, -0.13163687,  0.04303964, -0.20608261,  0.27823812,
   0.00003681, -0.00187231, -0.05736439,  0.02840712,  0.29213017, -0.15060748, -0.1311228 , -0.08198468, -0.36909068, -0.14244789, -0.14982758,  0.2734605 ,  0.05046688,  0.03939682,  0.29471475,
  -0.04418532,  0.11460742, -0.01631846],
 [ 0.06156887, -0.15329257, -0.44198802, -0.03204033,  0.3873086 ,  0.19637884,  0.30101854,  0.40161753,  0.01872396,  0.06402985, -0.1005456 , -0.10250255,  0.10690101,  0.19050746, -0.03921098,
  -0.10976794,  0.00017937,  0.13220634, -0.29335302, -0.57441646, -0.1322985 , -0.2633982 , -0.14869355, -0.04538387, -0.14850977,  0.5142148 ,  0.06491254,  2.7535782 ,  0.14107727, -0.32907498,
   0.25428724, -0.02717135,  0.20138453, -0.37466565, -0.5029413 ,  0.2769687 ,  0.12013946, -0.21740796, -0.16992648,  0.24925053, -0.17181289,  0.4193391 , -0.22615732,  0.16314432, -0.11642521,
   0.20539731, -0.0955338 , -0.03600233],
 [ 0.00954523, -0.21979699,  0.23385537, -0.13101742, -0.06077602, -0.32581148, -0.81303924, -0.03230022,  0.7166945 ,  0.18500651, -0.00394496, -0.0396976 ,  0.00555345,  0.11937924, -0.23065156,
   0.32630435,  0.22125798,  0.13922295,  0.06615654,  0.00640926,  0.09567491,  0.20486519, -0.09845036, -0.12091885,  0.01978305,  0.21993181, -0.23766534, -0.24991989,  0.04525594,  0.00898881,
   0.04442722,  0.06582482, -0.0458835 ,  0.22007412, -0.23724733, -0.1207919 , -0.03124566, -0.34500742, -0.05542685,  0.3904143 ,  0.00500565,  0.05832907, -0.37410122, -0.12337745, -0.0625637 ,
  -0.08334703,  0.27162528,  0.13236691],
 [-0.313796  ,  0.06130763,  0.13773905,  0.29612407,  0.4785169 , -0.29976347, -0.20881347, -0.36389104, -0.07773744,  0.1096407 ,  0.22788458, -0.0234031 , -0.08577091,  0.02361681, -0.28082904,
   0.30668637, -0.48976943,  0.0567033 ,  0.7076236 ,  0.00103296, -0.05155921, -0.08368688, -0.03837639,  0.2194774 , -0.5834536 ,  0.3762877 , -0.23210783, -0.07326211, -0.12978192,  0.18174598,
  -0.5420552 ,  0.10633834,  0.7078525 , -0.45038515,  0.03893346, -0.11587486,  0.1004181 ,  0.00437369, -0.17105778,  0.13091807,  0.550321  , -0.04814132,  0.11736444, -0.42525932, -0.19908051,
   0.16708322,  0.24625821,  0.12475459],
 [-0.05009636, -0.00013522, -0.18787074,  0.17840752,  0.2885809 , -0.1064653 , -0.16182369,  0.07175144, -0.1216708 , -0.02155872,  0.43106458, -0.0538364 , -0.12158819, -0.21900639,  0.26405883,
  -0.06132706, -0.10910886,  0.4244284 ,  0.32674217, -0.2149374 , -0.45525247,  0.26381135, -0.17564212,  0.16664976, -0.30833083,  0.30084392, -0.38344333,  0.12473843,  0.00443734, -0.2648959 ,
  -0.09362309,  0.13443926,  0.03485414,  0.17184162,  0.51486826, -0.42876658,  0.2588099 ,  0.02549023, -0.16413061, -0.24723135, -0.05399139,  0.31380007, -0.02918661,  0.28062877, -0.41028267,
  -0.00400943, -0.38151678,  0.12040818],
 [ 0.22885422, -0.12850602, -0.4448367 ,  0.04309623,  0.09857225,  0.10207839,  0.42559943, -0.3559596 ,  0.11536166,  0.2122827 , -0.38894317,  0.06519736, -0.1387753 , -0.02760445,  0.12227926,
  -0.13827188, -0.21919633,  0.00872746, -0.20204501, -0.27735388,  0.17807609, -0.34847593,  0.12551612,  0.10224576, -0.37982598, -0.23787718,  0.28380147, -0.30035505, -0.1417262 ,  0.09168199,
   0.20823407, -0.08470488, -0.14611724,  0.49487925,  0.32548866,  0.1530102 ,  0.02867712, -0.26389056, -0.29760617,  0.15125036,  0.14479564,  0.45121494,  0.2118996 , -0.39863366,  0.23576272,
  -0.34493253, -0.09025851,  0.06468683],
 [ 0.47525853,  0.8218272 ,  0.1477438 , -0.02758078,  0.17855193,  0.21105485, -0.08644161,  0.30630133,  0.03238139,  0.09654415,  0.1964536 ,  0.06822232,  0.2852022 , -0.11561459, -0.10329174,
  -0.19795267,  0.06288207,  0.24131235,  0.15221296,  0.46067932, -0.00101514,  0.13559483, -0.26714343, -0.1354679 ,  0.13522458,  0.25554755, -0.06957569, -0.01471554, -0.36474735, -0.05557712,
   0.28110397,  0.11131737,  0.14999478,  0.00771675,  0.00247297, -0.12048437,  0.23355073,  0.1339048 ,  0.1736478 , -0.12895004, -0.6460619 ,  0.24308114, -0.08645938, -0.20488915,  0.12237461,
  -0.13957603,  0.17083442,  0.1663612 ],
 [ 0.18991064, -0.3529322 ,  0.34622926,  0.04325258, -0.09678904,  0.02913464, -0.6160672 ,  0.12572439, -0.36434934, -0.20055005, -0.3086268 ,  0.20361415, -0.08964109,  0.29648745, -0.15502383,
  -0.32583144, -0.2813427 ,  0.41439232, -0.04561998, -0.12436164,  0.03551495,  0.12055926,  0.19995753,  0.40482682, -0.07918998, -0.43430763, -0.12670292,  0.0713983 , -0.21214694, -0.17820714,
   0.10683326, -0.01201762,  0.00621323, -0.13875793, -0.04063997, -0.28741384,  0.16947347,  0.26488024, -0.44186696, -0.24865754, -0.49830544, -0.2150958 , -0.01996143, -0.20785096, -0.21554708,
  -0.27444437,  0.05445084,  0.01964483],
 [-0.12550776,  0.04990552, -0.09850265, -0.08288612,  0.3591216 ,  0.39701372, -0.19562653,  0.19061378,  0.23944929, -0.21806842,  0.2578848 ,  0.42873165, -0.30226046, -0.19981445,  0.2504865 ,
   0.0736884 ,  0.13452804,  0.10000685,  0.09197503, -0.24473424,  3.1047447 ,  0.16523597, -0.04730282, -0.01325012, -0.4818637 ,  0.09490205,  0.20078626, -0.01558063,  0.38423127, -0.09871593,
   0.16878067, -0.16183051, -0.00443718, -0.02474771,  0.06703994, -0.0797352 , -0.04115928,  0.17724161, -0.13987525, -0.2711157 ,  0.31167454,  0.29700273, -0.29704884,  0.14946976, -0.1549174 ,
   0.04250821,  0.06392542, -0.07599332],
 [-0.12124491, -0.23983566, -0.32707107, -0.13266316, -0.01370974, -0.15884729,  0.21198595,  0.40319824, -0.16343607,  0.07341391,  0.08292543,  0.1526012 ,  0.02242476,  0.19830748,  0.16191112,
  -0.36395615,  0.16024977,  0.20810872, -0.18982118,  0.00577216,  0.23917899, -0.0352248 ,  0.31485626,  0.5942086 , -0.1144703 , -0.4743121 ,  0.09947145,  0.18424141, -0.04394941,  0.24234144,
  -0.29442146,  0.13594663, -0.15235707,  0.6062699 ,  0.53098494, -0.25743166, -0.15563092,  0.21021585, -0.12698415, -0.01106676,  0.00840606, -0.3918953 , -0.00232943, -0.2263474 , -0.13276412,
   0.48448336, -0.43515596,  0.12344312],
 [-0.06980022, -0.06224446,  0.21947746,  0.10697675,  0.11510967,  0.25414425, -0.09804087, -0.10381994, -0.3462658 , -0.2256211 ,  1.0289339 ,  0.2672282 , -0.22129531, -0.33250594,  0.07655809,
   0.19334637,  0.08151512, -0.07795805, -0.03205639,  0.07249303,  0.0132692 , -0.6144726 , -0.0617583 , -0.17180899,  0.05961547,  0.6176626 ,  0.08780592, -0.08140101,  0.14937887,  0.16656381,
   0.09342816,  0.09574369,  0.46314195, -0.30765206,  0.11983062, -0.2712437 ,  0.08455262, -0.1861249 , -0.13365369, -0.04649927,  0.3202698 ,  0.14715214, -0.40308914,  0.01205109, -0.19491164,
  -0.2185207 , -0.03354153, -0.0578425 ],
 [ 0.4079986 ,  0.0903714 , -0.34876359, -0.15222189,  0.32048044,  0.59389627, -0.43444338, -0.4334956 ,  0.45696053,  0.09007668, -0.28243524,  0.10190035, -0.37232205,  0.00095625,  0.06049667,
   0.31039333, -0.33356184,  0.0134426 , -0.15121943,  0.06357466, -0.24535084, -0.08181599, -0.29644975,  0.17638078,  0.1815292 , -0.03415647,  0.01166385, -0.27124268, -0.09697063, -0.01167076,
   0.69963914, -0.36922723,  0.48317418,  0.22103779,  0.0521859 ,  0.5461082 ,  0.0875481 ,  0.07092397, -0.0180065 ,  0.22462635,  0.15973099, -0.09038634, -0.36531192, -0.05796488, -0.16675138,
  -0.01336572,  0.26566392, -0.1324505 ],
 [-0.00654296,  0.01998335,  0.16031495, -0.8087186 , -0.10783187,  0.06544305,  0.22699584, -0.07761546, -0.6239262 ,  0.20383877, -0.14536169, -0.35038912, -0.1639247 , -0.0604598 , -0.1265805 ,
  -0.56287795,  0.22137973,  0.27774337,  0.21898964, -0.20079371, -0.03483626, -0.00174067,  0.17044607,  0.12218349, -0.16589232,  0.02855446,  0.08882938,  0.4178783 ,  0.21334773,  0.1882597 ,
   0.02902545,  0.42604962,  0.09864769, -0.22840679,  0.41031024,  0.18863058, -0.14767253, -0.10477665,  0.06108711,  0.08663619,  0.02926086,  0.04652915,  0.5633865 ,  0.3099401 ,  0.0543916 ,
   0.25906885, -0.33745795,  0.09775425],
 [ 0.5997676 , -0.04776904, -0.29148066, -0.19152147, -0.21419895, -0.20725459, -0.09531941, -0.23942111,  0.0042181 ,  0.18880406, -0.13754025,  0.5297809 ,  0.1435979 ,  0.3431031 , -0.1899381 ,
   0.18674488, -0.27603146,  0.25698265,  0.06035952,  0.10833061, -0.39087927, -0.3072749 ,  0.17169799, -0.327065  ,  0.10539485, -0.47803828,  0.2498825 , -0.18394335,  0.18751247,  0.15427059,
  -0.16811149,  0.15401742,  0.04502125, -0.13105525, -0.32560986, -0.28145257,  0.06994461, -0.2199174 ,  0.02206803, -0.0790949 ,  0.21442561, -0.10509424, -0.0902262 ,  0.14345977,  0.11502963,
   0.09818839,  0.1250008 , -0.44998536],
 [ 0.25984308,  0.18173583, -0.22473007, -0.07245924, -0.00585133, -0.03026331,  0.0765845 ,  0.25292882,  0.15694143, -0.22221628,  0.17667829,  0.4206121 ,  0.1382472 ,  0.23586993,  0.54706275,
   0.35437948,  0.04406509,  0.31131306,  0.04434949,  0.00381432, -0.11578216,  0.49854612, -0.12059437,  0.24523795,  0.07538347, -0.2989528 ,  0.09266365, -0.53995144,  0.12440522,  0.30146673,
  -0.13092121,  0.01853475,  0.40265408, -0.12989804, -0.24334629,  0.29669622,  0.33146355,  0.00118341,  0.3632689 ,  0.28506264, -0.16628426, -0.133929  ,  0.3668709 ,  0.38122857,  0.19086418,
  -0.2315679 ,  0.47507814, -0.1498761 ],
 [-0.11716981,  0.10776847,  0.23126356,  0.18198927,  0.10102797,  0.09691712,  0.01279511,  0.17959769, -0.7611343 , -0.10608264,  0.04825485, -0.38270953,  0.11924139, -0.0449181 ,  0.5292889 ,
   0.25623974, -0.14610149,  2.2160246 , -0.01510777, -0.1283937 ,  0.05483252, -0.14110641, -0.16584706,  0.14658433,  0.16700955, -0.26771903,  0.30818823, -0.16189684,  0.07742724,  0.19413172,
  -0.01022286,  0.08415268, -0.11445849, -0.05491833, -0.02964268, -0.22318324, -0.05724262, -0.35279253, -0.11716341, -0.09323464, -0.07958071, -0.04911886, -0.01304922,  0.13872795,  0.23078819,
  -0.11415758, -0.25048786, -0.35220718],
 [-0.14197014, -0.12560576, -0.23773071, -0.45005625, -0.0855507 ,  0.05619266,  0.08595073, -0.16029659, -0.10045846, -0.200433  , -0.0103664 , -0.27823275,  0.08304987, -0.48949015, -0.0794505 ,
   0.06968991,  0.05938755,  0.5605947 ,  0.12154527, -0.18024732, -0.02728358, -0.5113158 , -0.01575588, -0.17614564,  0.29627126, -0.16903703, -0.02480121, -0.16363735,  0.26703483, -0.05972677,
   0.45242265,  0.1293803 ,  0.15692869,  0.10986824,  0.1368837 , -0.56396514, -0.09674139,  0.22142527, -0.01330239, -0.49874914, -0.01473972,  0.25011677,  0.37311566, -0.02103195,  0.29973283,
  -0.09838636, -0.49018133, -0.33081293],
 [ 0.24997728, -0.07857954, -0.04924814, -0.08420053,  0.52111876,  0.28252745,  0.41154882, -0.04401711,  0.04972717, -0.30081058,  0.47816345, -0.24752271,  0.05362447, -0.3808198 , -0.11186868,
  -0.18898498, -0.16620569, -0.16506566, -0.18551429,  0.28450358, -0.34345856,  0.04195421,  0.17716196, -0.1151768 , -0.12286518, -0.06830105,  0.33675107,  0.02905282, -0.17214033,  0.09422217,
  -0.2591378 ,  0.195513  ,  0.09580702, -0.07297625, -0.12950964, -0.20244484,  0.16486628,  0.4194987 , -0.14719857,  0.10689069, -0.61479217, -0.20310195, -0.00617307, -0.2154419 , -0.29510638,
  -0.18306014,  0.04801574, -0.05209643],
 [-0.40530828, -0.5349413 , -0.15560189,  0.15230195, -0.66420585, -0.1006843 , -0.10041472,  0.4613938 , -0.06838849,  0.08950111,  0.0255927 , -0.660746  ,  0.18772064,  0.04679524,  0.11153544,
   1.2857924 , -0.54568386,  0.5138405 , -0.09696998,  0.09722727, -0.00966098, -0.14828727, -0.08289513,  0.07344875, -0.5114025 ,  0.15043116, -0.08327131, -0.23344623, -0.12362256,  0.29723182,
  -0.16053718,  0.12075598, -0.21075213,  0.14020242,  0.23663042,  0.36637288, -0.03036848,  0.10684622,  0.02588438,  0.21385479, -0.12258299,  0.15347609, -0.03932178, -0.01751905,  0.0293318 ,
   0.07756314, -0.0229839 ,  0.04164755],
 [ 0.5562458 ,  0.13974856,  0.28989655, -0.08379207, -0.30981377,  0.20568347,  0.20751567,  0.43527216, -0.16264425, -0.04819297, -0.42928714, -0.11803785,  0.14880162, -0.06645872,  0.15421134,
  -0.0321958 ,  0.09273078, -0.21472335,  0.02004358, -0.54883635, -0.04871755, -0.2698951 ,  0.17496991,  0.11758205,  0.16330537,  0.26055288, -0.28075138,  0.27074304,  0.15268858, -0.05960076,
   0.2751285 , -0.38648105, -0.28681862, -0.18958417, -0.14412653, -0.25367028,  0.26707155, -0.09017432,  0.09610693, -0.15250964, -0.34776846,  0.04058247, -0.6653528 , -0.01434601, -0.32479638,
   0.3283393 ,  0.29539394,  0.01544841],
 [ 0.40878126, -0.14460383,  0.18208957,  0.06005302,  0.04652759,  0.336512  ,  0.15293291,  0.05174254, -0.54449123, -0.21963459, -0.02793832,  0.01656193, -0.25347582,  0.8000875 ,  0.33343732,
   0.2103517 ,  0.02508237, -0.03647399, -0.17040147,  0.02555217,  0.05835708, -0.17504139,  0.06691943, -0.04214947, -0.6025591 , -0.14570233, -0.06796329,  0.64721334,  0.16988932, -0.36024818,
   0.15029268, -0.36260754,  0.33223486, -0.10449387, -0.0181374 ,  0.3982467 , -0.299044  , -0.4972385 , -0.12657495,  0.35593554, -0.52455693, -0.5471941 , -0.14238964,  0.12981158,  0.41031602,
  -0.11070823, -0.12496952,  0.2800896 ],
 [-0.35546812, -0.07143228,  0.04448204,  0.13755473, -0.13923623,  0.0100395 , -0.5029203 , -0.16187367,  0.06792062, -0.31419376,  0.02110315,  0.10256322, -0.04878312,  0.0302325 , -0.2729885 ,
  -0.05674733,  0.19119918,  0.03074386, -0.18065105,  0.06532691,  0.15079638, -0.5329999 ,  0.19982465, -0.0805546 ,  0.14205553,  0.278554  , -0.44538885, -0.19144672, -0.05257729, -0.2099232 ,
   0.4360179 , -0.19508794, -0.09239782,  0.04735201, -0.18754461, -0.06399312,  0.07349095, -0.06896333, -0.03208957, -0.11785859, -0.46453163,  0.08253833,  0.51752776,  0.00362927,  0.078216  ,
   0.17776614, -0.40985578,  0.3750811 ],
 [ 0.03278667,  0.47032818, -0.10387599,  0.44463333,  0.14140108,  0.15375765,  0.08318923, -0.06018584,  0.3839896 ,  0.03533034, -0.48996717, -0.38508654, -0.06240561,  0.09699127, -0.01161062,
   0.31681275, -0.36926046,  0.03412535, -0.44818074,  0.2453573 , -0.03184451,  0.09702072, -0.12430842,  0.42169917,  0.18578254,  0.16153325, -0.01884393,  0.1321445 , -0.2522979 ,  0.13873057,
   0.38467956,  0.22222984, -0.24742234,  0.11972123, -0.24866301,  0.09035829,  0.12525444, -0.4001428 , -0.33442944, -0.0416402 , -0.05094995, -0.35196006,  0.07263071,  0.08265165, -0.02970181,
  -0.14163989,  0.3772024 ,  0.3894788 ],
 [-0.14248258, -0.11030383,  0.13467495, -0.10731692, -0.02915978,  0.23843265, -0.52078044,  0.29741833,  0.01909182, -0.10982233, -0.01574249, -0.00858869, -0.37316862,  0.3411428 ,  0.01270533,
   0.10904872,  0.33006364, -0.20893884,  0.10958733, -0.08380659,  0.2202666 , -0.55381554, -0.01503606, -0.1372574 ,  0.08626301,  0.16914715, -0.14707163, -0.2382857 , -0.031957  , -0.19277953,
   0.21856007, -0.11996203, -0.97192544, -0.06570131, -0.22298169, -0.34868374, -0.18468575,  0.02971669,  0.43587446,  0.07013652, -0.18365403,  0.12678427, -0.10221311, -0.11879969, -0.3417505 ,
  -0.57460743, -0.11342412,  0.02274916],
 [-0.01812382, -0.06459367, -0.25108135,  0.18638189, -0.21644089,  0.25177008, -0.2627933 , -0.21955547, -0.51881427, -0.07942703,  0.32991824,  0.08649279,  0.2215646 ,  0.17090587, -0.374559  ,
  -0.083161  , -0.21120226,  0.39357397, -0.38681036,  0.14900841,  0.28415152,  0.44986838, -0.09797128,  0.1661548 ,  0.5750368 , -0.21488442, -0.4000389 , -0.65743774,  0.12804857, -0.56364554,
  -0.11865536,  0.12656209,  0.05064975,  0.11242756,  0.07322332,  0.4102119 , -0.15894495, -0.22116706, -0.17855781,  0.1625626 ,  0.29834625,  0.10605846,  0.3761619 , -0.23319177,  0.23485261,
   0.379288  ,  0.1192077 ,  0.54516405],
 [-0.3325448 , -0.12460995, -0.11702162,  0.14650722, -0.32756814,  0.13131128,  0.3870053 ,  0.23764378,  0.08216411, -0.31456333, -0.13886133,  0.24387687,  0.26248363, -0.01160141, -0.11730798,
  -0.57943916, -0.24749982,  0.2863353 , -0.40024114,  0.05481972,  0.24583344, -0.4240975 ,  0.03951975,  0.19203894,  0.00414996,  0.90451443, -0.4226488 ,  0.17867276, -0.03236848,  0.21951106,
   0.09916572, -0.23756027,  0.07991748, -0.5894009 ,  0.13456038,  0.09347596,  0.13879181,  0.18703513,  0.0541675 ,  0.03329904, -0.298491  , -0.13715737,  0.22005963,  0.5075443 , -0.03464529,
   0.01439297, -0.19060351,  0.17385809],
 [ 0.22751702,  0.3314072 , -0.22958614, -0.07571193,  0.03572192,  0.09760889, -0.03567627, -0.13592069,  0.27087662,  0.17799392, -0.19739866,  0.3145185 ,  0.4029793 ,  0.04570988,  0.02367629,
   0.18540442, -0.1812356 ,  0.00672237, -0.59194136,  0.2429515 , -0.38408667,  0.3429973 , -0.11783956, -0.06787042, -0.14795415, -0.08641291,  0.28271836, -0.4031177 ,  0.27778444,  0.07729042,
  -0.17337438, -0.34329805,  0.36716786, -0.25310463, -0.18023628,  0.20300986,  0.11366324, -0.2569084 ,  0.07561565, -0.3689889 ,  0.24417233,  0.21836293,  0.17494403,  0.1300875 ,  0.49052802,
  -0.00009879, -0.36872593,  0.09806385],
 [ 0.5555967 , -0.32804388, -0.10532485,  0.06024143, -0.01153969, -0.16874468,  0.21455967,  0.7869756 ,  0.02905031, -0.17028683, -0.32234684,  0.07112772,  0.28425103,  0.0893407 , -0.0004234 ,
  -0.11319647, -0.2736487 ,  0.1666657 ,  0.3184243 , -0.37414443,  0.24314222,  0.17247316,  0.29719827, -0.3808523 , -0.27522826, -0.03956083,  0.1557996 ,  0.618239  ,  0.13941385, -0.05185335,
  -0.24852362,  0.4230937 , -0.3263648 ,  0.26018566, -0.04806799,  0.39607406,  0.11097556, -0.02959483, -0.08967108, -0.09542996,  0.14943498,  0.0277209 , -0.13215454, -0.04501576,  0.02580304,
  -0.3530328 ,  0.13364954, -0.2252826 ],
 [-0.21377264, -0.3857367 , -0.28112316, -0.39713198, -0.1386869 ,  0.40727258, -0.08763148,  0.05869753,  0.09954275,  0.0348466 , -0.02054383, -0.2752863 ,  0.26458618,  0.54925984, -0.28260654,
  -0.16676535, -0.08288875, -0.17935015,  0.10498279, -0.17809899,  0.51713943,  0.35226834,  0.05891595,  0.28937098,  0.32855412, -0.11525665, -0.17215109,  0.01846986,  0.17891157,  0.04960094,
  -0.5032061 , -0.14147696, -0.01044724, -0.01130537,  0.3820695 , -0.2288877 ,  0.1301055 ,  0.48955926,  0.686171  , -0.07579783,  0.11197016,  0.1434296 ,  0.06221114, -0.03208582,  0.14829181,
  -0.638212  ,  0.19966933,  0.02076839],
 [-0.05881426,  0.39854905, -0.15859446, -0.11265615,  0.39141372, -0.12604123, -0.07825469, -0.02130032,  0.11924721,  0.03413741, -0.24907278, -0.10040357, -0.21688338, -0.01600957,  0.07155561,
   0.10874344, -0.583865  ,  0.30766332,  0.05181148,  0.36490113,  0.13204609,  0.3305984 ,  0.13372983,  0.44637924,  0.17308597, -0.02617921,  0.53304136,  0.24994875,  0.18360202, -0.18026966,
  -0.46152246,  0.05275805,  0.03542783, -0.20379445,  0.02671747,  2.5681348 ,  0.1176399 , -0.258914  , -0.01995671, -0.1770911 , -0.08613224, -0.14828022, -0.17140736, -0.20741487, -0.03825979,
  -0.08486703, -0.42958093,  0.33499053],
 [ 0.38368988, -0.13057259,  0.00343757, -0.20570491,  0.327135  ,  0.48081154,  0.04157633,  0.19319198,  0.05371786, -0.27817485, -0.14120142,  0.03753074, -0.10727201, -0.06860916, -0.02924249,
  -0.01649161,  0.01122184, -0.36687404, -0.1263691 , -0.19175386,  0.2345703 , -0.66594493,  0.3573442 ,  0.4745429 , -0.07775231, -0.42174524, -0.09737737, -0.01997713, -0.16223355, -0.09170096,
   0.2183649 ,  0.17993166, -0.30980438, -0.45938313, -0.11643413, -0.03284404,  0.16804293, -0.1708169 ,  0.10697151,  0.6853848 ,  0.16582912, -0.01614076, -0.06112916, -0.10938618,  0.3116461 ,
  -0.10438534,  0.01162376,  0.01118649],
 [-0.15770462, -0.42105654,  0.10991945, -0.00873959,  0.15907782, -0.18487205,  0.38290584, -0.14786157,  0.27029932, -0.2526837 ,  0.12100692,  0.13242075, -0.28411016,  0.09657911,  0.27256227,
  -0.61488676,  0.16169977, -0.86289674, -0.3058138 ,  0.38101032, -0.16271345, -0.38548556, -0.04907552,  0.38808617, -0.32482898, -0.14721987,  0.44625315,  0.30548316, -0.0200289 , -0.25466597,
   0.55180115,  0.36281633,  0.19582751, -0.12368055, -0.00820097, -0.0400622 ,  0.07084593,  0.29756984,  0.13608642, -0.36313847,  0.40221238,  0.05221666,  0.1060212 ,  0.51984763, -0.3222004 ,
  -0.00830581, -0.15645003, -0.48038113],
 [ 0.10803194,  0.61566544, -0.43163478, -0.0045976 ,  0.22024593,  0.03356684, -0.02089406, -0.44473833,  0.07944663, -0.27063432, -0.72769445,  0.42947093,  0.18576485,  0.01680505,  0.07354815,
   0.20498727,  0.03626591,  0.3213534 , -0.06102116,  0.43504882,  0.04520127,  0.02806485, -0.30797926,  0.05524395, -0.2427354 , -0.16877736, -0.12805219, -0.18742089,  0.4788615 ,  0.2407499 ,
   0.6035502 , -0.28314355,  0.01144015, -0.31892133, -0.11130033, -0.15458156,  0.23888539, -0.13039763,  0.36689723,  0.19439203,  0.49181995, -0.29579744,  0.32842597,  0.34256536, -0.3489972 ,
   0.1701507 ,  0.05070553, -0.06659556],
 [-0.26620504, -0.23457116,  0.5929327 ,  0.00023891,  0.19742608, -0.26972774, -0.27522466,  0.3531324 , -0.28091007, -0.07605364,  0.00886708,  0.02669192, -0.0596572 ,  0.06412556,  0.13628668,
   0.22435519, -0.15861294, -0.05983402,  0.26902977,  0.247791  , -0.23996098,  0.11575393, -0.47172618,  0.01603976,  0.46102718, -0.19006088, -0.14283806,  0.10759367, -0.39661515, -0.10350257,
   0.13490312, -0.1710287 , -0.04734759,  0.13287388,  0.13086425,  0.09293126, -0.05497067,  0.0644757 , -0.04345526,  0.06789831, -0.17645018, -0.0257462 , -0.328871  , -0.00726798, -0.28100333,
  -0.23364669,  0.07344615,  0.03352931],
 [ 0.15133932, -0.13373923,  0.10458839,  0.18955874,  0.10422176, -0.27358755,  0.03566355,  0.12942807,  0.00252082, -0.44318888,  0.05374849,  0.722335  , -0.06709321, -0.20192774,  0.05823868,
   0.10123439,  0.21278407, -0.19569817,  0.16678995,  0.15759715, -0.04663568,  0.12000822,  0.2436606 ,  0.13372448, -0.34839848,  0.21679907, -0.01543057,  0.01516067,  0.01833787, -0.03222855,
   0.36530912, -0.02173792, -0.3727042 , -0.10215235,  0.03438403,  0.4022485 ,  0.15836555, -0.15777858,  0.68882436,  0.05790575,  0.41548306, -0.03636989,  0.15991022,  0.1351695 ,  0.2766829 ,
   0.3767542 ,  0.27723765, -0.05519909],
 [-0.11498275,  0.07069888,  0.2641503 , -0.06827255,  0.32476652,  0.3663097 , -0.29173872, -0.19764483, -0.02347825,  0.08126426, -0.18333948,  0.42521176,  0.11335907,  0.01113579, -0.49499196,
  -0.30821067,  0.05982875, -0.75705683,  0.3341273 , -0.03338147,  0.7849314 ,  0.5338607 , -0.03135459, -0.03729454,  0.22793713,  0.5664282 , -0.29756168, -0.46540722, -0.09036393,  0.17955807,
   0.13306327,  0.29700035, -0.18160853, -0.43179506,  0.13415292, -0.16858858, -0.5612135 ,  0.0383782 ,  0.21786392, -0.03183681, -0.09160005, -0.03088307, -0.06305582, -0.44053584, -0.19698419,
   0.09436856,  0.05757597,  0.05580726],
 [-0.30192885, -0.05174071, -0.49965844,  0.03527317,  0.50792915, -0.46493053, -0.12093045,  0.1074416 ,  0.38457888, -0.09204639, -0.16187695, -0.35619742,  0.01700849,  0.61059636,  0.05515345,
  -0.00713848,  0.11563847, -0.00173985, -0.19843057,  0.26053002,  0.07079186,  0.00541078, -0.21143876,  0.3126434 ,  0.18006335, -0.19588156,  0.21244738, -0.1707124 , -0.15582086, -0.2716671 ,
  -0.5091078 ,  0.1141003 , -0.5034658 , -0.24563576, -0.41577816, -0.01419995, -0.02481657, -0.07072574, -0.32093483, -0.32090327,  0.07549196, -0.18030137,  0.08614465, -0.31106597,  0.05204482,
   0.23268527,  0.14316064, -0.1165768 ],
 [ 0.03760718, -0.03448257,  0.00132756, -0.06361338, -0.03853674,  0.05243731, -0.16923462, -0.29272157, -0.37650383, -0.32770687, -0.17407772,  0.02504878, -0.2019243 ,  0.08930439,  0.00773771,
  -0.54763824,  0.17055055,  0.15474798, -0.21431749,  0.11558917, -0.28212035,  0.02985851, -0.33097994, -0.39395347, -0.08433895, -0.04126012, -0.05910856, -0.42312065, -0.11443615,  0.07805517,
  -0.00666031,  0.04986228, -0.1652847 ,  0.19130798, -0.23657885,  0.16375647,  0.30847058,  0.11106651, -0.03159177, -0.1569606 ,  0.3052596 , -0.3914456 , -0.2447214 , -0.09359805,  0.33480966,
   0.0726674 , -0.3359864 , -0.08363873],
 [-0.12806323, -0.16958958,  0.31055334, -0.2408171 ,  0.32887316,  0.23976567,  0.22843476, -0.1455252 , -0.02529497, -0.44111118, -0.08134228,  0.07047929,  0.4375628 , -0.29660136, -0.07946169,
  -0.028924  , -0.38483983,  0.14900847, -0.25929824, -0.06961905, -0.12641267, -0.18741384, -0.00174752, -0.06255813, -0.06036979, -0.15460685,  0.05002475,  0.25819474,  0.0256112 ,  0.24579786,
  -0.43465337,  0.03893696, -0.23462267, -0.23352791, -0.19302401,  0.23799737,  0.2615256 ,  0.08626213, -0.25211263, -0.03663924,  0.07363918,  0.06198097, -0.5712038 , -0.3005806 , -0.0136753 ,
   0.1921254 , -0.35714138, -0.02458676],
 [ 0.04695327,  0.29226506,  0.11080787,  0.09609749, -0.11782989, -0.31098846, -0.07313626,  0.35399356,  0.39982286,  0.2211809 ,  0.13341795,  0.0978393 , -0.1754263 , -0.03525644,  0.34916958,
  -0.24831146,  0.41559866, -0.10342246,  0.4718273 ,  2.0140543 ,  0.18042682, -0.11931835, -0.44001067,  0.04845156,  0.15007396, -0.18581459, -0.41124216, -0.01526782, -0.03001546,  0.0861344 ,
   0.3272317 , -0.01756136,  0.3943625 ,  0.05066922, -0.10495963, -0.4388679 , -0.07558328, -0.07589435,  0.23750159,  0.16546316, -0.22061637,  0.03995068,  0.1371274 ,  0.47112957,  0.27342469,
   0.15546988,  0.00948793,  0.05534036],
 [ 0.29243302, -0.30690435, -0.12490561, -0.18800959,  0.07447024,  0.41344136, -0.14807048, -0.6497293 , -0.06638696,  0.20483883,  0.18694963,  0.11547805, -0.06041987, -0.35511875,  0.17534973,
  -0.16708824,  0.5484828 ,  0.20019779, -0.1033131 , -0.18239215, -0.02557693, -0.06934264,  0.2426526 ,  0.03897095, -0.21255814,  0.3543055 ,  0.01145551,  0.1394663 , -0.08626298,  0.12832965,
   0.07310297, -0.66753167,  0.34435242,  0.3474682 , -0.07316905, -0.34591022,  0.10858335,  0.01428549,  0.12116011,  0.0350239 ,  0.13914287,  0.5164557 ,  0.18981875, -0.36784554,  0.2934575 ,
   0.26779202,  0.57189757, -0.28099582],
 [ 0.07638895, -0.36027345,  0.15772547, -0.11577281,  0.41366482, -0.221247  , -0.41003206, -0.15016693, -0.34433162,  0.23568647, -0.31829488,  0.00519897, -0.5908319 , -0.10508447,  0.32142755,
   0.07645091, -0.22292517, -0.00582089,  0.00573755,  0.14660996, -0.23505068,  0.1434265 , -0.8396111 , -0.13492914, -0.13636683,  0.09566204,  0.00619885, -0.24398278, -0.3178852 ,  0.04335175,
  -0.01596701, -0.18821277, -0.07262114,  0.15820692, -0.11461754, -0.01785223,  0.7390499 , -0.434514  , -0.2853006 ,  0.23290733, -0.17373657, -0.10762504, -0.16314298, -0.06918884,  0.39990014,
   0.19868995,  0.20722955, -0.26233974],
 [-0.35254794, -0.6793743 , -0.28399035,  0.18883201,  0.15001976, -0.07685574, -0.00637701, -0.22848958,  0.06594174,  0.16790035, -0.43956527,  0.05225181,  0.24039635, -0.07915665,  0.21274818,
   0.72103804, -0.02404789,  0.07832135, -0.26548922,  0.02823464,  0.06884898,  0.03659074, -0.36060092,  0.07334766,  0.41538662,  0.14967541,  0.17996046, -0.08386651,  0.1285424 ,  0.04531052,
  -0.1566022 ,  0.08475466, -0.30922526, -0.13965565,  0.06723751,  0.07002255, -0.20585456,  0.25560492,  0.16553186, -0.22769047, -0.3704488 , -0.03921024, -0.08866067,  0.03191711, -0.12960136,
  -0.302708  , -0.1301105 , -0.08059242],
 [ 0.12385646, -0.24442276,  0.41352126, -0.40712562,  0.23591769, -0.04346842,  0.27784085,  0.02195899,  0.38849047, -0.07399894, -0.18308564,  0.20077302, -0.02856644,  0.07967853,  0.3616494 ,
  -0.21448861,  0.19824421, -0.18403472, -0.01895194,  0.02310826, -0.30921957, -0.13468286,  0.2564239 ,  0.21542205, -0.01462452,  0.04948905, -0.05234222,  0.4174082 , -0.07169099,  0.07212935,
   0.23505782, -0.15069966,  0.29287544, -0.26029003,  0.42581362, -0.10181053, -0.07164724, -0.54743564, -0.09292062, -0.221134  , -0.17617685, -0.02977979,  0.17889354,  0.04616142,  0.0614918 ,
  -0.17465734, -0.28415817,  0.5894143 ],
 [-0.13847148,  0.25546992, -0.07353623,  0.00042678,  0.24249744,  0.19601104, -0.02102993, -0.12207856, -0.01772495,  0.06271095,  0.19065079,  0.0007171 ,  0.09674305,  0.5869879 ,  0.10837989,
   0.08079951, -0.4684468 , -0.8545058 ,  0.12330046, -0.01362043, -0.09322598,  0.06918186, -0.01344992,  0.40165463,  0.02466121, -0.26175237,  0.18250568, -0.07166857,  0.11093996, -0.17077184,
  -0.11351924,  0.02134462,  0.00403366,  0.11284637, -0.06527514, -0.6555773 , -0.10108204,  0.21662977, -0.04520078, -0.08014513,  0.27874702, -0.16295958, -0.22148067, -0.04339725, -0.06913264,
  -0.13553034, -0.04832407,  0.08924944],
 [-0.00169252,  0.08709659,  0.27529955, -0.07164427,  0.04811953, -0.13628526, -0.24171047, -0.1746826 , -0.09390891,  0.0573849 ,  0.36953408, -0.16737755, -0.14502133, -0.01186084,  0.0777678 ,
   0.04274676,  0.35084766, -0.70261526, -0.67178917, -0.16336639,  0.27104816, -0.26550347, -0.6125619 ,  0.16320571,  0.06697816, -0.27998808, -0.286055  , -0.27174738,  0.0369068 , -0.16843095,
   0.1537983 , -0.55584025, -0.2478017 , -0.3811498 , -0.05764105, -0.16754964,  0.23891723, -0.28465658,  0.01218861,  0.09415878,  0.6550442 , -0.1534471 ,  0.05325639, -0.30085805, -0.64770406,
   0.18236619, -0.00082114,  0.3054247 ],
 [-0.30946326,  0.08434728,  0.591336  ,  0.14325261,  0.08475859,  0.00274593, -0.2947412 ,  0.26838452, -0.11354381,  0.15553923, -0.5447827 , -0.35113007,  0.47920823, -0.09742308,  0.32740143,
  -0.01827997, -0.28838724,  0.13106309, -0.17284118,  0.16520801,  0.00659232, -0.40535474,  0.03302697,  0.5374078 ,  0.12007535, -0.01296761,  0.3446998 ,  0.05040371,  0.05716131, -0.36789343,
   0.07730347,  0.34779808, -0.16671172,  0.21039255, -0.01810595, -0.17872186,  0.33925405, -0.08111499,  0.11998427, -0.04953574, -0.01042463,  0.13755167,  0.08779014, -0.65677273, -0.38900435,
   0.17135997, -0.02750422, -0.10101259],
 [-0.29742926, -0.36843446, -0.5388594 , -0.03062751, -0.14830853, -0.14145891, -0.01049939,  0.09402929,  0.6240526 , -0.2832857 ,  0.34644637,  0.30978346, -0.17967238,  0.06182686, -0.10474611,
   0.05370804,  0.4649321 ,  0.2169426 ,  0.10985293, -0.09915573, -0.26184162, -0.03854495,  0.35298946, -0.52190965, -0.23930807,  0.02267336, -0.19961108, -0.1902939 , -0.08639   , -0.26136196,
  -0.29410353,  0.09969394, -0.33812597, -0.50273645, -0.1251042 ,  0.19962193, -0.05654768, -0.13199002,  0.01056125, -0.37750426,  0.16023679,  0.11766015, -0.08623153,  0.16362792, -0.17566125,
   0.1813009 ,  0.04144003, -0.05094251],
 [-0.00425542, -0.03279126,  0.24986097, -0.33153942, -0.23180795,  0.20112771, -0.17886348,  0.2742221 ,  0.3865195 , -0.0748514 ,  0.17352907, -0.39537895,  0.21186547,  0.03550604,  0.1372788 ,
  -0.15105397, -0.448719  ,  0.15172753, -0.5226361 , -0.10125908,  0.281295  ,  0.05283254,  0.33740312,  0.3320419 , -0.22618295,  0.00464689, -0.01172013, -0.31161845, -0.2877575 , -0.1675321 ,
  -0.34818298,  0.01581276, -0.04478662, -0.5276257 ,  0.09722762,  0.15192245,  0.0396885 , -0.0573196 ,  0.1689253 ,  0.17760192,  0.05129299, -0.13589077,  0.04312436,  0.36298236, -0.17696856,
   0.32068014, -0.1383773 ,  0.00514068],
 [ 2.7718534 ,  0.07581515, -0.5115359 , -0.18770818, -0.3478621 ,  0.04361664,  0.26386243,  0.13393842, -0.44567227,  0.4328861 ,  0.08216725, -0.13820477,  0.03093862,  0.04280944, -0.12754883,
   0.05333886, -0.20842297, -0.12316044, -0.19669712, -0.38424063,  0.03607244,  0.10596498,  0.17343149,  0.15962134,  0.05192296, -0.16248305,  0.1499937 , -0.30112064, -0.1316986 , -0.16406341,
   0.19236317,  0.14327578,  0.13862106,  0.34745717, -0.19531454,  0.1158754 , -0.02339964,  0.17918831, -0.01995247, -0.10644557,  0.12569162,  0.24087848, -0.20556192, -0.01588301, -0.29432976,
  -0.86371726,  0.04125342,  0.13336006]]

  Параметр #2, форма: (48,)
  Значения: [ 0.046841  , -0.32107785, -0.03773959, -0.2964854 ,  0.19964026, -0.15135197,  0.1349964 ,  0.19487257, -0.16627246, -0.16712992,  0.06088315, -0.17092606,  0.01045087, -0.0565146 , -0.27721336,
 -0.42260537,  0.02012631, -0.12011181, -0.0796713 ,  0.09144939,  0.14391053, -0.0291664 , -0.06419869,  0.10508738, -0.18807277,  0.04679956,  0.10637121,  0.1003331 , -0.33500293, -0.10766927,
 -0.13854733,  0.00915585,  0.08456623,  0.13616002, -0.09496171, -0.09597825,  0.13255052,  0.03758327,  0.18702039,  0.04699323, -0.14108802, -0.21624435, -0.19131371,  0.06046173,  0.1002387 ,
  0.18003899,  0.15899035,  0.24525304]

--------------------------------------------------------------------------------
Слой: dense_hidden_layer_2 (Dense)
  Параметр #1, форма: (48, 32)
  Значения: [[-0.10854777, -0.23386472,  0.11717942,  0.08728756,  0.01476922,  0.0850566 ,  0.08928113,  0.18800592,  0.3192958 ,  0.0632038 ,  0.15062693,  0.06759498, -0.08025999,  0.10784262, -0.24780412,
   2.0363703 , -0.19698165,  0.06503896, -0.23133382,  0.10099614, -0.00494808, -0.25459832,  0.11035126, -0.12287092,  0.16925237,  0.00018339,  0.07558551, -0.15418257, -0.16383243, -0.12273002,
   0.10860147,  0.34039184],
 [-0.12207231,  0.19845963, -0.57783985, -0.24462081, -0.16378035, -0.20096703, -0.40042168,  0.09165072, -0.04161038,  0.057016  ,  0.11795162,  0.07462043,  0.13387838, -0.01269125, -0.24187398,
   0.2635036 , -0.10124432, -0.13421342, -0.03824323, -0.209103  , -0.09911399,  2.4476962 ,  0.06177027, -0.11246441, -0.13688394,  0.20257849,  0.11004859,  0.4757496 ,  0.24568665,  0.16949879,
  -0.3398962 ,  0.19360831],
 [-0.01111651, -0.1090871 ,  0.02218695,  0.11982965,  0.08602455, -0.14644942,  0.20777233, -0.15934435,  0.04943553, -0.06161224, -0.03096009,  0.21777268, -0.18516193,  0.2544683 , -0.3622297 ,
  -0.1588742 ,  0.09927721,  0.06657092, -0.02692629, -0.00916996,  0.04879763, -0.06035791,  0.36785635,  0.1820856 ,  0.18599917, -0.24647544, -0.01987811, -0.08072275, -0.21045582,  0.10167647,
  -0.15447737,  0.08684877],
 [-0.27987617,  0.34375435, -0.16152962,  0.04822474,  0.09648801, -0.11477699,  0.2261401 , -0.18384804,  0.2716108 ,  0.00392428, -0.11178374, -0.05237856,  0.15331806, -0.11889205, -0.16727947,
  -0.05603147, -0.22547062,  0.46583468, -0.11664037,  0.14268263,  0.04771715, -0.23463328, -0.00125178,  0.0956203 , -0.02671417,  0.19353771,  0.16522205,  0.21183014, -0.05296596, -0.26456138,
  -0.09737653,  0.03268665],
 [ 0.11183832, -0.325742  , -0.00217164,  0.02008127, -0.05279205,  0.33766595,  0.09295548,  0.21415086, -0.04018027,  0.22159925,  0.46320432,  0.35309792, -0.18814124, -0.07297825, -0.03887135,
   0.05717567,  0.17639007, -0.12340567,  0.00832347, -0.31053972,  0.26963452, -0.12326682,  0.01239526, -0.04763073,  0.22986516,  0.8669766 , -0.00424297, -0.01787082, -0.12923129,  0.4086275 ,
  -0.10913362,  0.09121726],
 [ 0.05045957,  0.3028941 , -0.09630077, -0.1480756 ,  0.14075048,  0.11657035, -0.26655895, -0.14659995,  0.10752957,  0.09473324, -0.13155869, -0.339043  ,  0.14228004, -0.24801764, -0.25255093,
  -0.3721923 ,  0.1461076 ,  0.03568893, -0.05279277,  0.36767602,  0.11248549,  0.19331856, -0.39481252, -0.0039741 , -0.45071816, -0.0405748 , -0.0282865 ,  0.14618374,  0.01296635,  0.17576972,
   0.09871018,  0.3100934 ],
 [-0.06669623, -0.21094497,  0.05958609, -0.11541991,  0.41611272, -0.06355926, -0.14766082, -0.09758666,  0.13284452, -0.04479765, -0.1376076 ,  0.44060174, -0.23953874,  0.00821087,  0.13607968,
  -0.18371755,  0.05717187, -0.15546992,  0.11908751, -0.15097982,  0.11477   ,  0.19393164,  0.1602398 ,  0.0325205 , -0.02763022, -0.13293055,  0.303873  , -0.13302258, -0.23195168,  0.17144667,
  -0.14909568, -0.21360946],
 [-0.40396193, -0.12544738, -0.01546574,  0.05480993,  0.13619326,  0.11099205, -0.05434395, -0.04027801,  0.14042816,  0.23375961,  0.03635281, -0.10036714, -0.11858726, -0.31110767,  0.10681955,
   0.06803773,  0.14807653, -0.0206535 ,  0.35481846, -0.07877881,  0.13966173, -0.01098023, -0.10685655,  0.12907812,  0.08985645,  0.07519393,  0.02218791, -0.008742  ,  0.43720824,  0.31238198,
   0.10399099,  0.02323026],
 [ 0.28129584,  0.11503109,  0.00670282, -0.0689172 , -0.0210166 , -0.88210714,  0.03370334, -0.06929539,  0.31404644,  0.00455607, -0.18070538, -0.00562258, -0.18030585,  0.1337467 ,  0.06817312,
   0.17493339, -0.11538443,  0.00594025, -0.19368532,  0.09169226,  0.1409185 ,  0.14258681,  0.0002281 ,  0.05043471,  0.27279007, -0.05509504,  0.02052622, -0.17926599, -0.12794107,  0.02428409,
   0.26208895, -0.05734321],
 [-0.04250044, -0.11066921, -0.1511424 ,  0.04205129, -0.22646056,  0.26196632, -0.08521405,  0.13630615, -0.27228168,  0.13636644,  0.11439179,  0.07971058, -0.2791848 ,  0.03699778, -0.2688499 ,
  -0.03024004,  0.12732737,  0.16660771,  0.00198091, -0.11301228,  0.09179372,  0.00409745, -0.5471026 ,  0.11554451, -0.00556419,  0.17329226, -0.24092501, -0.58611745,  0.06337121,  0.08371647,
  -0.46841034, -0.11032934],
 [ 0.73794985, -0.03780476,  0.20447569, -0.10514749, -0.37466198, -0.0218149 , -0.03499606, -0.09593333, -0.03189337,  0.0580047 , -0.03572628, -0.31108037,  0.07694133, -0.23384744, -0.23031583,
   0.1284062 ,  0.07833347, -0.00705779, -0.20038219, -0.09479763, -0.07173475, -0.21813801, -0.15270263,  0.14115557,  0.29638588, -0.05428909,  0.12717213, -0.2316464 ,  0.11978135, -0.11672802,
   0.064803  , -0.05795778],
 [ 0.27154723, -0.16476612,  0.11307625, -0.07271044, -0.0238422 , -0.04434968, -0.2074579 , -0.00261929, -0.01029466,  0.04699729,  0.01085094,  0.09582613,  0.12157267, -0.15227474,  0.17439315,
  -0.31016535,  0.09022003,  0.17141263, -0.53529066,  0.02610552, -0.12153307, -0.13356788,  0.16857606, -0.13865325, -0.16960359,  0.01980147,  0.19696611, -0.02853308,  0.2014974 ,  0.07684211,
  -0.24579975, -0.10674267],
 [-0.11785834,  0.12328645, -0.5270778 ,  0.6966404 ,  0.11817598,  0.03869296,  0.1631758 ,  0.61530095,  0.20099038,  0.13469447,  0.01900212, -0.03892865, -0.0559868 , -0.15977514, -0.11484928,
  -0.30934975, -0.01970949, -0.29553542,  0.03572712, -0.01034759,  0.03672931, -0.14092745,  0.5822101 ,  0.20836623, -0.22960313,  0.0554301 , -0.07980674, -0.16191356, -0.16108727,  0.08129702,
  -0.17554429,  0.11259766],
 [ 0.22942153,  0.37936425, -0.13101125,  0.11127345,  0.17937537, -0.13341522, -0.11834933,  0.20868766,  0.03141666,  0.14980747, -0.19707921, -0.28124702, -0.09746122, -0.01759625, -0.22797078,
  -0.00194069, -0.40570527, -0.2124499 ,  0.11512876,  0.09881166, -0.05847537, -0.16159183, -0.13221672, -0.06459289,  0.07633438,  0.13441817, -0.12087151, -0.19526613,  0.0614995 , -0.19614266,
  -0.11105564,  0.37204581],
 [ 0.09575798,  0.03823024, -0.35708675,  0.05575792,  0.15041819, -0.06367756,  0.19233315,  0.28159904,  0.3948788 ,  0.05122132,  0.12156257,  0.33035702,  0.08328498, -0.13147709, -0.11114568,
   0.02943318, -0.28562453, -0.0219784 ,  0.23041001, -0.6144547 ,  0.40926927,  0.20561321, -0.07508253,  0.08327758,  0.00064756,  0.16249123,  0.20505886, -0.15713654,  0.0992459 , -0.03098985,
   0.02343619, -0.17475736],
 [ 0.30336994,  0.13348229, -0.15014167, -0.19961347, -0.07960731,  0.11254652,  0.05293644,  0.28013378,  0.16368821,  0.2668242 ,  0.09021695, -0.28097078, -0.03244949,  0.20447786, -0.00746228,
   0.11269053, -0.06375484, -0.13406181, -0.01810518,  0.06070162, -0.17586571, -0.04989648, -0.21790865,  0.19213969, -0.06259199,  0.27709693,  0.348565  , -0.00979856, -0.20050062, -0.3422848 ,
  -0.2493757 , -0.38621446],
 [ 0.1987123 ,  0.01931713,  0.07859924, -0.585953  , -0.22202383,  0.21548967,  0.07534182, -0.02451894,  0.10230652,  0.28586203, -0.05715774,  0.00831085,  0.03202542,  0.55395496, -0.44405174,
   0.12898357, -0.02376761,  0.08318786, -0.12345859, -0.00980768,  0.19251432,  0.49155027,  0.21391773, -0.19114253, -0.04897814, -0.1086086 , -0.21234761, -0.09491383,  0.19462772, -0.20939775,
   0.16493091,  0.08737688],
 [-0.12825984, -0.02512596,  0.2685447 ,  0.16234842,  0.00123771, -0.06200984,  0.019534  , -0.10023455, -0.55161375,  0.31755364,  0.01787659,  0.08798282, -0.01115257, -0.15571314, -0.05025236,
  -0.45215994,  0.5093017 , -0.30427486, -0.13080202, -0.06176218,  0.31048298,  2.2020817 , -0.23547137,  0.20861523,  0.16001219,  0.07785179,  0.15913439,  0.3414087 ,  0.26927665, -0.11683977,
   0.24793589,  0.1028663 ],
 [ 0.06072589, -0.2421369 , -0.03553815, -0.15985624,  0.09942499,  0.12132818, -0.59309554, -0.00502296,  0.19779706, -0.03636433,  0.11585756,  0.0606455 ,  0.07729442, -0.07254281, -0.17568265,
  -0.29148975,  0.09462334,  0.0029156 , -0.01641964, -0.0579809 , -0.08345247,  0.2019087 , -0.04212985, -0.37672105,  0.19833389, -0.05015875,  0.0086744 ,  0.24233082, -0.00532932,  0.06750659,
  -0.31250623, -0.05541303],
 [ 0.10543773, -0.38619018,  0.03177215,  0.01711757,  0.0054083 ,  0.28685066,  0.05458592,  0.3009791 , -0.17971508,  0.03818765,  0.01444117, -0.2662701 ,  0.25107837,  0.43858853, -0.00303657,
   0.12302478,  0.02304563, -0.17473404, -0.27670866, -0.18938878, -0.25085092,  0.36368328, -0.0297366 , -0.05021278,  0.22235405, -0.24333547, -0.20646137,  0.00968442,  0.19139226,  0.12972592,
   0.02865294,  1.9182355 ],
 [ 0.11460333,  0.03253657, -0.2921986 ,  0.00664119, -0.18848886,  0.01982509, -0.1094767 ,  0.5441325 , -0.00818881, -0.3657279 , -0.02057666,  0.09861318,  0.23319934, -0.12784381, -0.2470104 ,
   0.13947998, -0.26913407, -0.05090441, -0.03302207, -0.01620534,  0.12921745, -0.18061829, -0.06412444, -0.00161863,  0.03299254,  0.01257036,  0.10875913,  0.24176453,  0.08068277,  0.10530858,
   1.7106842 ,  0.0094939 ],
 [ 0.12595358,  0.10312071, -0.10989979, -0.12547866, -0.13626613,  0.09556513,  0.28460768, -0.05240933,  0.1609468 ,  0.02923705, -0.01886331, -0.04809598,  0.10519917,  0.03967248,  0.30336472,
  -0.23493901,  0.10833929, -0.13344166, -0.14825445, -0.00235065,  0.02734847,  0.8125651 , -0.04485297, -0.27189332,  0.03280447, -0.43306422, -0.01785713,  0.00441176,  0.12498444,  0.15528369,
  -0.0928567 , -0.02332003],
 [-0.10322434, -0.2965733 ,  0.06515744, -0.33571693, -0.10708972, -0.16085938,  0.11455496,  0.22814448, -0.3554433 , -0.33938077, -0.02264037,  0.00259461,  0.04221804, -0.0697642 , -0.03570858,
   0.0929032 ,  0.26929367, -0.32363117, -0.07177589,  0.05682873, -0.11132342,  0.4648009 , -0.09567776, -0.00955607,  0.11928292, -0.1237663 , -0.48610556, -0.05567224,  0.17817241, -0.06964716,
  -0.21566032,  0.13893783],
 [-0.08379046, -0.09302087,  0.02170832,  0.18928207,  0.30485505,  0.16759725,  0.14294116, -0.08840724, -0.22342332,  0.01308188,  0.0196356 , -0.20223457, -0.02662924,  0.07676295,  0.10082829,
   0.1319619 ,  0.04002539, -0.05944242, -0.14199089, -0.2454349 ,  0.36884063,  0.00335461, -0.03763709, -0.18280089,  0.82927835, -0.24718548, -0.05963522,  0.05632423,  0.08880187,  0.23655294,
   0.29642314,  0.05859506],
 [-0.29376104, -0.03645269,  0.03499508,  0.31795907, -0.21437453,  0.22400744,  0.04929449,  0.22348002, -0.01962516, -0.15527582,  0.15744421,  0.10133728,  0.11779829, -0.00368942, -0.08688963,
  -0.2290147 ,  0.15990317,  0.08415221, -0.11130106, -0.07434473, -0.08334223, -0.34455156, -0.12445261, -0.21140328, -0.08665884, -0.19826071, -0.27559578,  0.27407363,  0.24814324, -0.18963125,
   0.03577855,  0.07795922],
 [ 0.13712993, -0.09651878,  0.21514481, -0.09012096, -0.34831128,  0.15784667,  0.24768648,  0.47564894, -0.23936343,  0.08325338, -0.11029048,  0.22537336, -0.21166481, -0.16818503, -0.10650405,
   0.01803071, -0.14643167,  0.17216784,  0.25089237,  0.11460648,  0.35591078,  0.09694503, -0.24610716,  0.26683265, -0.13648522,  0.19129306,  0.35461557,  0.10040854, -0.35695148, -0.20672025,
   0.269145  , -0.03923583],
 [ 0.0152072 ,  0.11726428,  0.07816197,  0.05870233, -0.04506304, -0.08851038,  0.15066436,  0.10039949, -0.03795606,  0.13462996, -0.03200221, -0.13281149, -0.16634153, -0.22809365, -0.05310297,
   0.32846424, -0.15305495,  0.0305602 , -0.17710829, -0.06862666, -0.21272106, -0.02570795, -0.0247628 ,  0.08776024,  0.06321479, -0.25202048,  0.1926556 ,  0.05644829,  0.03804235, -0.00153788,
  -0.14375776,  0.0569586 ],
 [ 0.12388396, -0.35315612, -0.13519727,  1.7245455 ,  0.05453545,  0.34028086, -0.1259548 , -0.12538978, -0.10164792, -0.09538643, -0.08550905,  0.10919814, -0.23515217,  0.05436533, -0.4742328 ,
  -0.09169086, -0.05003551,  0.2256505 , -0.07653145, -0.5223442 , -0.48479515,  0.00680235,  0.12002417,  0.04932129,  0.03527888,  0.18068174, -0.15323181,  0.22569486, -0.30141127, -0.1254584 ,
  -0.45215496, -0.03668675],
 [-0.00672281,  0.01702709,  0.01299629, -0.2323725 , -0.03183099, -0.1900288 ,  0.26413757, -0.07398377, -0.07382808,  0.23946398, -0.34622896, -0.31508678, -0.31387195, -0.01724938,  0.06263856,
   0.11044002,  0.44207364, -0.37788513,  0.17065835, -0.13977125, -0.14040276, -0.08969933, -0.24725486,  0.4341108 ,  0.11859628,  0.0061545 ,  0.21604845, -0.19093119, -0.30286944, -0.49455032,
  -0.09002027,  0.02718442],
 [ 0.02949319,  0.03455818, -0.33934963,  0.1200503 ,  0.03016087,  0.11782726, -0.29490393,  0.04774525, -0.17332436, -0.08469223,  0.09070642,  0.02335464, -0.12294087,  0.00121558, -0.17521343,
   0.22634512, -0.02500924,  0.31775692, -0.1322354 , -0.10380398, -0.09723465,  0.18949048, -0.17419544,  0.09383133, -0.0810817 , -0.50446564, -0.14098826, -0.29869947,  0.00904392, -0.3297811 ,
   0.16979764, -0.0193175 ],
 [-0.04460431,  0.15393566,  0.27684522, -0.00229944, -0.13457711, -0.28642675, -0.10851084, -0.09330104,  0.02535183, -0.04380524,  0.16683967, -0.14346442, -0.00890649,  0.18529256,  0.07611746,
  -0.01477777, -0.16027461, -0.16589178, -0.23971932, -0.11595061,  0.20548321, -0.05642582, -0.36371186,  0.20165314,  0.09022984, -0.27483416, -0.11155811,  0.01490179,  0.3096999 , -0.17705096,
   0.15941863,  0.18710153],
 [-0.15956153, -0.03153294, -0.17306463, -0.02903314, -0.00789139,  0.1033991 ,  0.17179517, -0.14808376, -0.44633347, -0.00283298,  0.04194358,  0.03878514, -0.09257256,  0.02269226,  0.32949144,
   0.05898233, -0.07404675, -0.06254722, -0.02006205,  0.31834117, -0.0333908 , -0.00269383, -0.11238767,  0.31513458,  0.35597277,  0.1000011 ,  0.02329923,  0.00950285, -0.46156648,  0.1801761 ,
   0.01805233,  0.08658089],
 [-0.11462695, -0.05396422, -0.07687212,  0.13797893, -0.08901666,  0.40049192,  0.08853424, -0.17574081, -0.0175594 , -0.13990234, -0.62619275,  0.20623595,  0.11411211,  0.14131317,  0.02062912,
  -0.36783212, -0.09879057,  0.15476556, -0.17503211, -0.415951  , -0.037659  , -0.03795209,  0.03245225,  0.1674655 ,  0.16104639,  0.04069212,  0.2639441 , -0.29311812,  0.12599899,  0.1042742 ,
  -0.27914873, -0.4016713 ],
 [-0.13634217, -0.08184954,  0.15281226, -0.10624832, -0.19722706, -0.17087933,  0.22089304,  0.00253106, -0.04072708, -0.01432443,  0.20235872, -0.20507854,  0.3024484 ,  0.02407365, -0.02374433,
   0.5806575 , -0.2602513 , -0.09189297, -0.20140776,  0.26274714,  0.35357875,  0.39174864,  0.26562876, -0.02640254, -0.10281833, -0.2233119 ,  0.31934553,  0.11968251, -0.10866003,  0.3446497 ,
  -0.19724704,  0.07252137],
 [-0.04734264,  0.07560686, -0.01669943, -0.22144632,  0.01975397,  0.1431685 , -0.00625577,  0.2079688 , -0.20423685, -0.00639177, -0.15838972,  0.18048774,  0.00865571,  0.1315576 ,  0.15496619,
   0.08328108,  0.04243631, -0.13695748, -0.00058564, -0.07705842, -0.0408928 , -0.0443202 , -0.25316986, -0.42297146, -0.11694041,  0.05209336, -0.16765203,  0.00446217,  0.41894716,  0.14761654,
   0.38050643,  0.09635635],
 [ 0.2189832 , -0.19087137, -0.08925975, -0.44120815,  0.15236591,  0.22968464, -0.0851983 , -0.06945667, -0.09479613,  0.07164233,  0.23140107, -0.47084466,  0.11775228, -0.06767289,  0.03207465,
   0.11499167, -0.05298344, -0.02449618, -0.02695648,  0.1773136 ,  0.09455647,  0.0383212 , -0.20349915, -0.08087306,  0.24829899,  0.00445411,  0.16315798,  0.42254964,  0.29252943,  2.257042  ,
  -0.12578148, -0.51988214],
 [-0.02491273, -0.06779804,  0.0963041 , -0.04149866, -0.08041323, -0.26044524, -0.2044851 ,  0.08125114,  0.19496176, -0.01435953,  0.04324708,  0.24794775, -0.12771344,  0.05946307, -0.20803984,
   0.15456079,  0.01721257,  0.04833634, -0.10408305,  0.09198088,  0.26191866, -0.21812586, -0.04937555,  0.04066535,  0.20738721, -0.10445806, -0.7738753 ,  0.27134463,  0.1385606 , -0.4253985 ,
  -0.07587247,  0.20033248],
 [ 0.32828403,  0.1855706 , -0.04422414,  0.02267745, -0.0236128 ,  0.24479212, -0.17527586, -0.22946231,  0.2609245 , -0.01208698,  0.21609385, -0.16651128, -0.0086946 , -0.1371985 ,  0.00204823,
  -0.17062074, -0.13746797, -0.19859096,  0.17779778,  0.11505728, -0.30058748,  0.20028208,  0.5370703 ,  0.00797129, -0.14598247,  0.32410303, -0.16266836,  0.0026046 ,  0.03336356,  0.34355626,
   0.09652492, -0.07733148],
 [-0.202687  , -0.08450937, -0.16396199,  0.00879916, -0.11521984, -0.20279767,  0.14631596, -0.06912364, -0.28194007, -0.02102512,  0.00994031, -0.29945317,  0.04168981, -0.15261178,  0.466056  ,
   0.06046329, -0.0907789 , -0.13387384, -0.02418311,  0.13212365, -0.00385817, -0.05670209,  0.01159126, -0.15505065, -0.06296394, -0.5950863 ,  0.24110058,  0.08426314, -0.15664141,  0.37095517,
   0.02131554, -0.2765791 ],
 [ 0.24133407,  0.06731836,  0.09965986, -0.06346893,  0.09371261, -0.03760244,  0.09625678, -0.5256105 , -0.05974957,  0.38456163, -0.16596268, -0.08046142, -0.07587225, -0.25642705, -0.3200758 ,
  -0.05831755,  0.03846174, -0.00786514, -0.0209924 ,  0.0082668 ,  0.24917102, -0.03076881, -0.06630588, -0.05826461,  0.16242664,  0.25538585, -0.11679936,  0.02795144,  0.07926055, -0.23680356,
   0.00430875, -0.4155643 ],
 [-0.41261417,  0.09884761, -0.09024537,  0.04882652, -0.00291889, -0.16150853, -0.01130476, -0.20250027,  0.29356128, -0.2113768 , -0.05007973, -0.13700476,  0.14715874, -0.0722787 , -0.07515278,
   0.17695248,  0.00475951,  0.08727688, -0.1706221 , -0.17299505,  0.03061101, -0.03748042,  0.14320262, -0.01417065,  0.04628506, -0.28360444,  0.435436  , -0.03947482,  0.16291255, -0.11041202,
   0.07010712, -0.21011995],
 [ 0.05292315, -0.06585883,  0.00549668,  0.13556236, -0.29094   , -0.11386965,  0.07659695,  0.25736198, -0.03215669,  0.12528385, -0.01855942,  0.45858994, -0.36093226,  0.01841203, -0.3283487 ,
  -0.5614652 ,  0.06786908,  0.02271813, -0.03895738, -0.01482126,  0.69566983, -0.06857795,  0.09389928, -0.09210301,  0.07237982, -0.06158773, -0.10960125,  0.39797923,  0.31017438,  0.01568662,
  -0.30156028, -0.0463151 ],
 [ 0.64174855, -0.02865888,  0.2199376 ,  0.28146198,  0.03649774, -0.22324379, -0.3458052 ,  0.11906728, -0.20226659,  0.02067202, -0.28800768, -0.06781752,  0.00930913,  0.07150719, -0.18752603,
   0.25757533, -0.07497217, -0.26353657, -0.01401857,  0.00575693,  0.04272208,  0.23578697, -0.04986566, -0.02252139, -0.21266009,  0.23192509,  0.03024939, -0.09341799, -0.35413814,  0.17731854,
  -0.24323069, -0.15086365],
 [ 0.0463628 , -0.14867012, -0.20765632, -0.5236262 ,  0.1726234 , -0.11527588,  0.5690843 , -0.26683056, -0.22754203, -0.14411971,  0.06203196, -0.10585134,  0.11794166, -0.25852668, -0.37990636,
  -0.20893432, -0.26921627, -0.14544208, -0.0483917 , -0.16778104,  0.22434515,  0.16328087, -0.04223808, -0.25033343, -0.08839534, -0.11875218, -0.15473138, -0.19927281, -0.1239653 , -0.07854547,
  -0.12954842,  0.04311035],
 [ 0.07319894, -0.10339861,  0.14274517, -0.12661354, -0.21011017,  0.08988718, -0.12102972,  0.08657831, -0.66205376,  0.39511943,  0.18641238, -0.2398547 , -0.2983    ,  0.23893347, -0.18721552,
  -0.22386517, -0.5933133 , -0.06604192, -0.05591122,  0.09242306, -0.16660658, -0.37181595,  0.08426802,  0.28914967, -0.20286207,  0.2839953 ,  0.00737611,  0.2812255 , -0.01796338, -0.68912315,
  -0.02498672,  0.2959547 ],
 [-0.12395666, -0.04904905, -0.03310682, -0.7474507 ,  0.32645115, -0.23251387,  0.12159138, -0.01290628,  0.3508797 ,  0.04982207, -0.06345239, -0.14795005,  0.15959093, -0.3490857 ,  0.09187332,
  -0.19237003,  0.1827789 ,  0.02385362,  0.09334771,  0.01623928, -0.44236293, -0.18259399,  0.18101014,  0.03733621,  0.27555314,  0.09255106, -0.1847414 , -0.18574058,  0.0127894 , -0.6093662 ,
   0.4165112 ,  0.06854163],
 [ 0.3032907 , -0.18054464,  0.18697774,  0.27551013, -0.3293213 ,  0.18901955,  0.00028326, -0.17419481,  0.09868373,  0.19677301, -0.08376735,  0.26392055, -0.21135123, -0.21511537,  0.02673761,
   0.00576316, -0.09865279,  0.11706679,  0.0785631 ,  0.13216315, -0.01870116,  0.10939618, -0.10119247,  0.38836396, -0.20197564,  0.50230557,  0.00468436, -0.16588129,  0.36461738,  0.0158699 ,
   0.11754679,  0.14183934],
 [ 0.07522458, -0.12703401,  0.27875647,  0.00020255,  0.12640935, -0.3820699 ,  0.07341494, -0.08865079,  0.2253506 ,  0.08429246,  0.03168142,  0.07505228, -0.1657149 ,  0.4565213 ,  0.4257775 ,
   0.1123013 ,  0.28238282, -0.1095851 , -0.1348125 ,  0.00590087,  0.0596726 , -0.10965987,  0.1536289 ,  0.03673735, -0.13822643,  0.09677578,  0.1250343 ,  0.03018596,  0.15528585, -0.23416284,
   0.07478702, -0.20355311]]

  Параметр #2, форма: (32,)
  Значения: [-0.07163489, -0.05910261, -0.1342687 , -0.04654529, -0.02850893,  0.10899879, -0.04489198, -0.19904302,  0.13001849, -0.10997643, -0.00367923,  0.04319307,  0.02855518,  0.13537715,  0.06737784,
 -0.10732591,  0.28972614,  0.02296528, -0.01811168,  0.09835862,  0.03425783,  0.05134211,  0.32463658, -0.03170081, -0.02631157,  0.00689392,  0.148231  , -0.16207081, -0.1616406 , -0.04058369,
 -0.21077286, -0.055064  ]

--------------------------------------------------------------------------------
Слой: dense_hidden_layer_3 (Dense)
  Параметр #1, форма: (32, 16)
  Значения: [[ 0.09623626, -0.15067099, -0.18878917,  0.00860733,  0.07342766, -0.3288862 ,  0.07836592,  0.13670236,  0.14362596,  0.18706474,  0.45433295, -0.03139777,  0.02038993, -0.03784214,  0.00017601,
   0.21573037],
 [-0.12417971, -0.16202113,  0.21195136,  0.08959299, -0.03244439,  0.14086717,  0.0649698 ,  0.21272324,  0.01171325,  0.19443676,  0.43484032,  0.06798495,  0.00813534,  0.12060016, -0.06608008,
   0.3962961 ],
 [ 0.03816425, -0.03003414, -0.17511359,  0.17013586,  0.14976172, -0.0483075 ,  0.07738054, -0.2799247 ,  0.03279755,  0.04043042,  0.2666003 , -0.07373092, -0.27542496, -0.18127325, -0.11599095,
   0.2637783 ],
 [ 0.31803584,  0.04184218,  1.5508081 ,  0.01907001, -0.01621565, -0.04293584, -0.03928861, -0.21673134,  0.02727504, -0.0078131 ,  0.09691785,  0.01279586, -0.03286862, -0.1302907 ,  0.01124447,
   0.1552201 ],
 [-0.22986588,  0.00930455,  0.03413249, -0.15238132, -0.07827445,  0.03068223, -0.12438615,  0.03467417, -0.162704  ,  0.19731243,  0.49540842, -0.16017927,  0.06203357, -0.0648947 ,  0.2228451 ,
  -0.16314177],
 [ 0.06015997, -0.17772841, -0.03337279, -0.11584909,  0.16558906, -0.18005425,  0.05268034, -0.06806851, -0.01551651,  0.02263289, -0.15598795,  0.04470008,  0.1815063 , -0.08722155,  0.11088627,
   0.23693511],
 [-0.07002266, -0.20133674,  0.02828972, -0.07526296,  0.16681217,  0.00676132, -0.08959408, -0.14607556,  0.2167236 , -0.10424514,  0.00494884,  0.08935869, -0.08642507, -0.0062267 , -0.00306719,
   0.09756433],
 [ 0.07660319, -0.03159933,  0.01163567, -0.07550574, -0.13382627,  0.03946   ,  0.16714539, -0.12887281, -0.15526868, -0.1147009 ,  0.15005097,  0.07500485, -0.03286621, -0.16886593,  0.00902091,
  -0.17916799],
 [ 0.01951039,  0.09277735, -0.18683948, -0.22408573,  0.33203924, -0.08641233,  0.21322052, -0.03208267, -0.0323525 ,  0.04890236, -0.13213657,  0.0172116 , -0.05218064, -0.17381193,  0.06516084,
  -0.03783268],
 [-0.02404484, -0.25859088,  0.14627717,  0.13011351,  0.17950283, -0.03175201, -0.28483477,  0.22577551, -0.01212769, -0.09523023,  0.05311565,  0.19019586, -0.00249477,  0.15548152,  0.150532  ,
  -0.1406617 ],
 [-0.1032811 ,  0.15622458, -0.43076316, -0.02545981, -0.17831439, -0.04798337, -0.05511037, -0.07032445, -0.06512531, -0.15111633,  0.34335384,  0.28833452, -0.1987745 ,  0.1415862 , -0.07159819,
   0.01190852],
 [-0.00922623, -0.12749813,  0.14124225,  0.0130519 , -0.10199367, -0.26272562, -0.16604193, -0.22703493,  0.00132341, -0.24922508, -0.04096811,  0.26923996,  0.15489738, -0.00413977, -0.01864409,
   0.2873989 ],
 [ 0.05341489, -0.03704116, -0.21050401,  0.03529347,  0.12029713, -0.08798918,  0.05441776, -0.04757442, -0.03932707, -0.26834053, -0.03593086,  0.09290465, -0.11420181,  0.01130932, -0.14523801,
   0.05671653],
 [-0.03204237, -0.1824232 ,  0.27656916,  0.19932583, -0.08247491,  0.10692548,  0.05620376,  0.0754502 , -0.16222522,  0.12066141, -0.10560382, -0.07034397,  0.4927928 ,  0.05050362, -0.05866059,
  -0.39154774],
 [ 0.18843816, -0.26238677, -0.17398536, -0.05835453,  0.21918058,  0.15530543, -0.01850897,  0.04140717, -0.11206128,  0.02081439,  0.01476828,  0.1256734 ,  0.12839442,  0.09944413, -0.05264797,
   0.11285228],
 [-0.01176505, -0.13039279, -0.06879494,  0.0084374 ,  0.1821014 , -0.03429312, -0.13201883,  0.00996444,  0.01855546,  0.02013711,  0.11044241,  0.14059736, -0.1047594 , -0.10370402,  1.0480386 ,
   0.12958153],
 [ 0.26665214, -0.05216415, -0.04536062,  0.18792824,  0.10127585,  0.07205223, -0.22931333,  0.10595545, -0.10483803, -0.17645143, -0.04611602, -0.10314045, -0.03253189, -0.28007913,  0.16635998,
   0.19662324],
 [-0.21939637,  0.20931265, -0.15813506,  0.16123879, -0.00873298,  0.00445168, -0.01889803,  0.18797557, -0.12799661,  0.09543154,  0.18682006,  0.09706829,  0.34825832, -0.1055705 ,  0.0941321 ,
  -0.01999901],
 [ 0.13140659, -0.00068313, -0.04208291,  0.24160469, -0.06757829, -0.28137642, -0.07921267,  0.0538169 ,  0.24862675,  0.01095188,  0.2480822 , -0.14422396, -0.05744647, -0.0532386 , -0.02405273,
   0.01118702],
 [ 0.13367802, -0.04856605,  0.0264916 , -0.0077065 , -0.10133138, -0.01408677, -0.01456618, -0.02221186,  0.00352154,  0.01278941, -0.09306221,  0.10892556, -0.18173894, -0.11515623,  0.5689906 ,
  -0.15652153],
 [-0.21087246,  0.10742322, -0.2482062 , -0.02150306,  0.29600114, -0.14049968, -0.31050447, -0.18674216,  0.13873862,  0.11442038, -0.1061608 ,  0.13806137,  0.15164842,  0.23116581, -0.04064065,
  -0.22239254],
 [-0.10737339, -0.04999876, -0.05304315,  1.8406253 ,  0.17962502,  0.19458702, -0.03551169,  0.22747476,  0.07580689,  0.00648608,  0.09536267,  0.01252339,  2.155714  , -0.12433267, -0.04748882,
  -0.02545897],
 [ 0.08731527,  0.1663054 , -0.00491921, -0.23092048,  0.16039741,  0.10601199, -0.19218299, -0.00053734, -0.22955856, -0.1041672 , -0.08841833,  0.1738827 ,  0.01357871, -0.1416836 ,  0.13512355,
  -0.22211298],
 [ 0.04689476, -0.15131626, -0.05565546,  0.08294235,  0.09361817,  0.11672183, -0.01310507,  0.06150888, -0.03777468,  0.0250207 ,  0.09064928, -0.01284088, -0.2607361 ,  0.07079007,  0.04021505,
  -0.06299337],
 [-0.25359422,  0.29316482,  0.07190549, -0.03479176, -0.22095555, -0.14915106,  0.15500782,  0.01187058, -0.08111272,  0.10060064, -0.16471218,  0.31551   ,  0.27069858, -0.07491582, -0.08970366,
  -0.48770633],
 [-0.26913872, -0.20766461,  0.01291436, -0.06728333, -0.19391604, -0.03710242,  2.074915  ,  0.09128803, -0.21240367, -0.02494416, -0.16914342,  0.09796586,  0.10793366, -0.16203459, -0.16197297,
  -0.08802135],
 [-0.46886486,  0.03445689, -0.02548241,  0.15291612, -0.13435662, -0.11967848, -0.26018053, -0.2130463 , -0.1390396 ,  0.14752711, -0.10485362,  0.01435115, -0.06164267, -0.18091625, -0.02406145,
   0.07901049],
 [-0.10415073,  0.12372676, -0.10897902, -0.0406548 ,  0.06614889, -0.08012912,  0.00510774, -0.03191105,  0.01953642, -0.4175867 , -0.30589443,  0.11709265,  0.14900677, -0.13886753, -0.04660284,
   0.04139525],
 [ 0.12242993, -0.2866477 , -0.12328468, -0.06131006,  0.07529118,  0.3215314 , -0.02589934, -0.18488038,  0.04602328,  0.21199544,  0.0204534 , -0.17029844,  0.12656453,  0.1423414 , -0.16662401,
   0.05214883],
 [ 0.1937599 ,  0.21314603, -0.01215381, -0.03934949,  0.17895961, -0.23932293,  0.06602067, -0.23868023,  1.9411957 , -0.05036819,  0.15421155,  0.07860773, -0.1226486 ,  0.24946345,  0.28018555,
   0.07910098],
 [-0.13191037, -0.0424561 ,  0.0145981 , -0.09811679,  0.18554676,  0.02004029, -0.36422953,  0.06158212, -0.06482567, -0.01229753, -0.03206792,  0.16697381,  0.19547822,  0.02505411, -0.06517691,
   1.2329038 ],
 [ 1.2083788 , -0.11683039,  0.08071349,  0.09267195,  0.21832934,  0.11793437, -0.1432761 ,  0.16858006, -0.16579407,  0.10144033, -0.04972797, -0.19275917,  0.02631393, -0.24888273, -0.27128682,
  -0.01866095]]

  Параметр #2, форма: (16,)
  Значения: [ 0.00373826, -0.02754645, -0.08601625, -0.04588396,  0.01964438,  0.03446394, -0.00154396,  0.11770608,  0.03046381, -0.06014132, -0.01321134, -0.0696942 , -0.00680549,  0.09240494,  0.06638021,
  0.1225247 ]

--------------------------------------------------------------------------------
Слой: dense_output_layer (Dense)
  Параметр #1, форма: (16, 1)
  Значения: [[ 1.2593173 ],
 [ 0.08939788],
 [ 1.0638193 ],
 [ 1.0021663 ],
 [-0.0026397 ],
 [ 0.07153089],
 [ 1.2404771 ],
 [-0.0262755 ],
 [ 1.2973596 ],
 [ 0.13286816],
 [-0.01343501],
 [-0.10485204],
 [ 1.5223022 ],
 [-0.04523686],
 [ 0.92466545],
 [ 1.1877952 ]]

  Параметр #2, форма: (1,)
  Значения: [0.06718069]

--------------------------------------------------------------------------------
