Модель: sequential
============================================================

Слой: dense_input_layer (Dense)
  Параметр #1, форма: (5, 15)
  Значения: [[ 0.1,  0.2,  0.3,  0.4,  0.5,  0.6,  0.7,  0.8,  0.9,  1.0,  1.1,  1.2,  1.3,  1.4,  1.5],
 [ 1.5,  1.4,  1.3,  1.2,  1.1,  1.0,  0.9,  0.8,  0.7,  0.6,  0.5,  0.4,  0.3,  0.2,  0.1],
 [ 0.5,  0.5,  0.5,  0.5,  0.5,  1.0,  1.0,  1.0,  1.0,  1.0,  1.5,  1.5,  1.5,  1.5,  1.5],
 [ 2.0,  1.8,  1.6,  1.4,  1.2,  1.0,  0.8,  0.6,  0.4,  0.2,  0.0, -0.2, -0.4, -0.6, -0.8],
 [ 0.0,  0.1,  0.2,  0.3,  0.4,  0.5,  0.6,  0.7,  0.8,  0.9,  1.0,  1.1,  1.2,  1.3,  1.4]]

  Параметр #2, форма: (15,)
  Значения: [0.1, 0.2, 0.3, 0.4, 0.5, 0.6, 0.7, 0.8, 0.9, 1.0 , 1.1, 1.2, 1.3, 1.4, 1.5]

------------------------------------------------------------
Слой: dense_hidden_layer_1 (Dense)
  Параметр #1, форма: (15, 10)
  Значения: [[ 0.2,  0.3,  0.4,  0.5,  0.6,  0.7,  0.8,  0.9,  1.0,  1.1],
 [ 1.1,  1.0,  0.9,  0.8,  0.7,  0.6,  0.5,  0.4,  0.3,  0.2],
 [ 0.8,  0.8,  0.8,  0.8,  0.8,  1.2,  1.2,  1.2,  1.2,  1.2],
 [ 1.5,  1.3,  1.1,  0.9,  0.7,  0.5,  0.3,  0.1, -0.1, -0.3],
 [ 0.1,  0.2,  0.3,  0.4,  0.5,  0.6,  0.7,  0.8,  0.9,  1.0],
 [ 1.0,  0.9,  0.8,  0.7,  0.6,  0.5,  0.4,  0.3,  0.2,  0.1],
 [ 0.5,  0.6,  0.7,  0.8,  0.9,  1.0,  1.1,  1.2,  1.3,  1.4],
 [ 1.4,  1.3,  1.2,  1.1,  1.0,  0.9,  0.8,  0.7,  0.6,  0.5],
 [ 0.3,  0.4,  0.5,  0.6,  0.7,  0.8,  0.9,  1.0,  1.1,  1.2],
 [ 1.2,  1.1,  1.0,  0.9,  0.8,  0.7,  0.6,  0.5,  0.4,  0.3],
 [ 0.7,  0.7,  0.7,  0.7,  0.7,  1.1,  1.1,  1.1,  1.1,  1.1],
 [ 1.3,  1.2,  1.1,  1.0,  0.9,  0.8,  0.7,  0.6,  0.5,  0.4],
 [ 0.4,  0.5,  0.6,  0.7,  0.8,  0.9,  1.0,  1.1,  1.2,  1.3],
 [ 1.1,  1.0,  0.9,  0.8,  0.7,  0.6,  0.5,  0.4,  0.3,  0.2],
 [ 0.6,  0.7,  0.8,  0.9,  1.0,  1.1,  1.2,  1.3,  1.4,  1.5]]

  Параметр #2, форма: (10,)
  Значения: [0.2, 0.3, 0.4, 0.5, 0.6, 0.7, 0.8, 0.9, 1.0 , 1.1]

------------------------------------------------------------
Слой: dense_hidden_layer_2 (Dense)
  Параметр #1, форма: (10, 5)
  Значения: [[0.3, 0.4, 0.5, 0.6, 0.7],
 [0.7, 0.6, 0.5, 0.4, 0.3],
 [1.0, 1.0, 1.0, 1.0, 1.0],
 [0.5, 0.6, 0.7, 0.8, 0.9],
 [0.9, 0.8, 0.7, 0.6, 0.5],
 [1.2, 1.1, 1.0, 0.9, 0.8],
 [0.8, 0.9, 1.0, 1.1, 1.2],
 [0.4, 0.5, 0.6, 0.7, 0.8],
 [0.6, 0.7, 0.8, 0.9, 1.0],
 [1.1, 1.0, 0.9, 0.8, 0.7]]

  Параметр #2, форма: (5,)
  Значения: [0.3, 0.4, 0.5, 0.6, 0.7]

------------------------------------------------------------
Слой: dense_output_layer (Dense)
  Параметр #1, форма: (5, 1)
  Значения: [[0.8],
 [1.2],
 [0.5],
 [1.0],
 [0.3]]

  Параметр #2, форма: (1,)
  Значения: [0.5]

------------------------------------------------------------
