Модель: sequential
================================================================================

Слой: dense_input_layer (Dense)
  Параметр #1, форма: (10, 30)
  Значения: [[0.09745401, 0.16507143, 0.15319939, 0.14986585, 0.11560187, 0.12559946, 0.12580836, 0.21661761, 0.20011151, 0.22080725, 0.16205844, 0.266991  , 0.26324427, 0.21123391, 0.21818249, 0.22834045,
  0.25042424, 0.28247565, 0.2831945 , 0.27912292, 0.3211853 , 0.28394938, 0.30921447, 0.3266362 , 0.345607  , 0.3885176 , 0.33996737, 0.38142344, 0.39924145, 0.35464504],
 [0.22075449, 0.18805242, 0.18850516, 0.28788856, 0.30056322, 0.29583973, 0.25646138, 0.24676721, 0.3164233 , 0.30301526, 0.28220382, 0.33051768, 0.29543886, 0.39393204, 0.339878  , 0.39125222,
  0.3671711 , 0.3990068 , 0.41267103, 0.38748544, 0.47695845, 0.46851328, 0.4959499 , 0.5024827 , 0.48379   , 0.5271874 , 0.45484924, 0.4765983 , 0.47252274, 0.511533  ],
 [0.29886773, 0.2991349 , 0.36687374, 0.33167532, 0.33609346, 0.3742696 , 0.34609243, 0.4242197 , 0.36345506, 0.4666887 , 0.4572245 , 0.41187158, 0.40455222, 0.49754614, 0.49868575, 0.5129007 ,
  0.52912706, 0.47140446, 0.5118466 , 0.4995869 , 0.5863103 , 0.5743298 , 0.5570898 , 0.54235584, 0.5790982 , 0.5925183 , 0.64496064, 0.64775574, 0.6847213 , 0.6552215 ],
 [0.37195942, 0.4443245 , 0.4620785 , 0.45512772, 0.48909673, 0.47437957, 0.4902733 , 0.4937541 , 0.46654192, 0.48778915, 0.49314293, 0.56664103, 0.5474356 , 0.57985705, 0.63275665, 0.57992923,
  0.6090383 , 0.6565551 , 0.6168798 , 0.614698  , 0.64897513, 0.6491221 , 0.73896974, 0.739812  , 0.73534036, 0.77214605, 0.7783672 , 0.729657  , 0.8132559 , 0.7909342 ],
 [0.540744  , 0.5636091 , 0.51980036, 0.5130052 , 0.5387935 , 0.57271075, 0.6258015 , 0.64407307, 0.5726952 , 0.6370747 , 0.6417411 , 0.6362108 , 0.6399865 , 0.6757615 , 0.750291  , 0.7023203 ,
  0.73587906, 0.7683019 , 0.74836296, 0.82317823, 0.8362447 , 0.7791782 , 0.8177248 , 0.81208783, 0.82448405, 0.8136887 , 0.8849564 , 0.8882679 , 0.8571479 , 0.89386463],
 [0.6508266 , 0.59895617, 0.6044895 , 0.65394527, 0.71856505, 0.65920556, 0.7172136 , 0.74116194, 0.7037638 , 0.7678216 , 0.7467783 , 0.7882306 , 0.80335295, 0.8085775 , 0.77902895, 0.8685303 ,
  0.832078  , 0.83365184, 0.83407754, 0.9040893 , 0.9277564 , 0.8766588 , 0.9412093 , 0.92764956, 0.9845173 , 0.9524366 , 1.0190938 , 1.0036736 , 1.073673  , 1.0087521 ],
 [0.69410664, 0.68734735, 0.78446937, 0.7957339 , 0.7497942 , 0.8059984 , 0.83772224, 0.8275201 , 0.84096503, 0.8281852 , 0.8293103 , 0.9257216 , 0.9420418 , 0.9313101 , 0.917903  , 0.93492097,
  0.98859555, 1.021711  , 1.0367086 , 1.0419875 , 1.0442032 , 1.004414  , 1.0281628 , 1.1178554 , 1.1046429 , 1.0609198 , 1.0861472 , 1.1583502 , 1.1085062 , 1.1400808 ],
 [0.8148734 , 0.8461895 , 0.8591961 , 0.83342695, 0.8992179 , 0.8687249 , 0.89453995, 0.95364916, 0.9609633 , 0.99792236, 0.9957613 , 1.0038309 , 0.97336745, 1.0177716 , 1.0245203 , 1.0393989 ,
  1.1293011 , 1.0883098 , 1.1552047 , 1.1461139 , 1.1794811 , 1.1672637 , 1.1916904 , 1.2002518 , 1.1875243 , 1.2572452 , 1.2300773 , 1.2214316 , 1.3005472 , 1.2707111 ],
 [0.95404583, 0.97339284, 0.9874864 , 0.9510159 , 0.93354565, 1.0428319 , 1.0108184 , 1.0826654 , 1.100362  , 1.107301  , 1.0694449 , 1.0965098 , 1.1611136 , 1.1256922 , 1.1289493 , 1.1856802 ,
  1.2416155 , 1.235603  , 1.2410061 , 1.2117176 , 1.2815007 , 1.3370054 , 1.2700084 , 1.325833  , 1.3797373 , 1.3840768 , 1.3977016 , 1.4162484 , 1.3999491 , 1.4113592 ],
 [1.0409361 , 1.0600114 , 1.0847073 , 1.108324  , 1.0871342 , 1.1051517 , 1.1538296 , 1.1579964 , 1.1821967 , 1.2105793 , 1.2390006 , 1.2027996 , 1.2255583 , 1.2163982 , 1.283828  , 1.2485943 ,
  1.3105597 , 1.3372644 , 1.3306541 , 1.3800833 , 1.34305   , 1.3627348 , 1.46026   , 1.433019  , 1.428706  , 1.4872243 , 1.5309993 , 1.494582  , 1.5542891 , 1.5195347 ]]

  Параметр #2, форма: (30,)
  Значения: [0.01 , 0.021, 0.034, 0.049, 0.066, 0.085, 0.106, 0.129, 0.154, 0.181, 0.21 , 0.241, 0.274, 0.309, 0.346, 0.385, 0.426, 0.469, 0.514, 0.561, 0.61 , 0.661, 0.714, 0.769, 0.826, 0.885, 0.946, 1.009,
 1.074, 1.141]

--------------------------------------------------------------------------------
Слой: dense_hidden_layer_1 (Dense)
  Параметр #1, форма: (30, 20)
  Значения: [[0.0431009 , 0.09188128, 0.11243811, 0.13824579, 0.16356549, 0.19855112, 0.19097802, 0.19937739, 0.24771117, 0.23624994, 0.2663383 , 0.2647074 , 0.28152105, 0.3577589 , 0.37015882, 0.38175845,
  0.3845372 , 0.39039767, 0.40938622, 0.43501458],
 [0.1229536 , 0.15487576, 0.17361185, 0.17279604, 0.23529191, 0.24427381, 0.25526124, 0.28070325, 0.291176  , 0.30286387, 0.33135837, 0.37747076, 0.3548636 , 0.38296437, 0.40076014, 0.42244372,
  0.49332765, 0.50621945, 0.51445043, 0.51387006],
 [0.16949695, 0.19240831, 0.19839211, 0.2380311 , 0.2599103 , 0.296951  , 0.32210562, 0.31071824, 0.35447675, 0.3935516 , 0.41018817, 0.45538938, 0.4675216 , 0.46177608, 0.48023412, 0.53854513,
  0.52559066, 0.5831465 , 0.6284138 , 0.63052845],
 [0.2132902 , 0.2545973 , 0.26949516, 0.300737  , 0.3504879 , 0.34316617, 0.40367144, 0.42632103, 0.40974748, 0.42816168, 0.45604667, 0.4770933 , 0.5076666 , 0.5689804 , 0.55827135, 0.59913856,
  0.6566925 , 0.6333963 , 0.7068681 , 0.7009113 ],
 [0.2470899 , 0.30980423, 0.33373657, 0.3766483 , 0.39610428, 0.42820886, 0.42492208, 0.44664636, 0.5090369 , 0.5404101 , 0.5794303 , 0.57275707, 0.5983211 , 0.65058476, 0.65244824, 0.71584547,
  0.73950475, 0.74173963, 0.78905225, 0.81727254],
 [0.29618743, 0.37415317, 0.38031515, 0.42958745, 0.42920297, 0.49373138, 0.49335212, 0.5006503 , 0.5843229 , 0.5654772 , 0.6091588 , 0.67700374, 0.70703644, 0.71440625, 0.74791026, 0.76690674,
  0.78759265, 0.81971985, 0.87035114, 0.9051425 ],
 [0.38749474, 0.4193771 , 0.40947238, 0.46566522, 0.47145352, 0.53297174, 0.5584918 , 0.61726224, 0.6170549 , 0.635024  , 0.6685795 , 0.7376906 , 0.7610931 , 0.7620674 , 0.7930464 , 0.86205816,
  0.8563658 , 0.9333116 , 0.95837456, 0.9528809 ],
 [0.39509025, 0.48319837, 0.48045623, 0.51423854, 0.57476795, 0.61683494, 0.65316004, 0.6732027 , 0.68457556, 0.70101005, 0.7766288 , 0.79750425, 0.8234533 , 0.88638127, 0.87267184, 0.9295575 ,
  0.93468124, 0.9961196 , 1.0053782 , 1.0431291 ],
 [0.44705158, 0.5149526 , 0.5567627 , 0.58300215, 0.64173037, 0.64249223, 0.67314273, 0.74411595, 0.74141574, 0.8217934 , 0.8007293 , 0.89419276, 0.8745896 , 0.9614686 , 0.97566205, 1.0395778 ,
  1.0204278 , 1.0852313 , 1.1461581 , 1.1553859 ],
 [0.5277639 , 0.56974494, 0.59327245, 0.6416535 , 0.6770589 , 0.73406947, 0.7207268 , 0.7728578 , 0.8510247 , 0.88541585, 0.8973394 , 0.94520795, 0.96264285, 0.9952873 , 1.0498219 , 1.0812011 ,
  1.1330193 , 1.1406641 , 1.2324637 , 1.2711726 ],
 [0.5818897 , 0.6121658 , 0.6385717 , 0.7088277 , 0.74108386, 0.749757  , 0.83465564, 0.8693522 , 0.916988  , 0.9435432 , 0.9768049 , 1.0050945 , 1.0759637 , 1.1119639 , 1.1027131 , 1.141582  ,
  1.2025878 , 1.2686332 , 1.3192365 , 1.309025  ],
 [0.62564784, 0.65485346, 0.73219484, 0.7665271 , 0.8082997 , 0.8281216 , 0.8668892 , 0.90040445, 0.9293825 , 1.0198834 , 1.0587741 , 1.1119831 , 1.1537982 , 1.169326  , 1.2241392 , 1.276686  ,
  1.3129789 , 1.3188409 , 1.3730327 , 1.3957496 ],
 [0.69724303, 0.7203705 , 0.7417186 , 0.81230205, 0.8530877 , 0.88148975, 0.91081345, 0.98829436, 1.0232185 , 1.082339  , 1.1112099 , 1.1751308 , 1.2011144 , 1.2456563 , 1.3085992 , 1.324209  ,
  1.3520409 , 1.389727  , 1.4773083 , 1.5132185 ],
 [0.7322448 , 0.74877787, 0.7901823 , 0.8288727 , 0.89503527, 0.95539504, 0.9895346 , 1.0382485 , 1.1122495 , 1.1248953 , 1.1808394 , 1.2430192 , 1.2657926 , 1.3253253 , 1.3857418 , 1.4369712 ,
  1.4348245 , 1.5275953 , 1.547527  , 1.5794947 ],
 [0.76754814, 0.84680194, 0.8655571 , 0.9037251 , 0.970004  , 0.9944087 , 1.0325518 , 1.0837327 , 1.1316828 , 1.1811142 , 1.2283297 , 1.3064525 , 1.3269128 , 1.38474   , 1.4658073 , 1.4884377 ,
  1.5480535 , 1.5663391 , 1.6155373 , 1.6544521 ],
 [0.8001361 , 0.85671544, 0.90062064, 0.94532216, 0.99723816, 1.0676467 , 1.10238   , 1.1618562 , 1.2202051 , 1.2814237 , 1.2923588 , 1.3879646 , 1.427674  , 1.4449055 , 1.5424147 , 1.5952524 ,
  1.5936646 , 1.6566126 , 1.7383721 , 1.7848955 ],
 [0.85107124, 0.904561  , 0.9662283 , 1.0250714 , 1.0850953 , 1.1221348 , 1.1797521 , 1.2488482 , 1.258201  , 1.3231462 , 1.4028009 , 1.4657124 , 1.4947007 , 1.5479268 , 1.5744303 , 1.6468447 ,
  1.7039571 , 1.7385483 , 1.7921546 , 1.8506371 ],
 [0.8912043 , 0.9633247 , 1.0106869 , 1.0716498 , 1.1131858 , 1.2134316 , 1.2496156 , 1.3087461 , 1.3693503 , 1.4059066 , 1.4352152 , 1.5162264 , 1.5732105 , 1.6367264 , 1.6718996 , 1.7076548 ,
  1.7710266 , 1.829785  , 1.900755  , 1.9502467 ],
 [0.9613658 , 1.0551909 , 1.0883465 , 1.1222336 , 1.170107  , 1.2291715 , 1.2907574 , 1.3416408 , 1.399194  , 1.4611057 , 1.5104024 , 1.609806  , 1.616814  , 1.6994706 , 1.7486238 , 1.8389428 ,
  1.8427223 , 1.9158714 , 2.0061681 , 2.0559304 ],
 [1.0390244 , 1.0634742 , 1.1162533 , 1.2041186 , 1.2777625 , 1.3134058 , 1.3722968 , 1.4127988 , 1.5001696 , 1.5232226 , 1.5894208 , 1.6535262 , 1.7164567 , 1.7585446 , 1.8088902 , 1.8966372 ,
  1.9353179 , 2.0108743 , 2.0432618 , 2.1208684 ],
 [1.0719553 , 1.1031094 , 1.1801963 , 1.2280649 , 1.2838025 , 1.3993976 , 1.4193412 , 1.5085925 , 1.5352784 , 1.6208901 , 1.6856136 , 1.7357383 , 1.7882946 , 1.8447105 , 1.9009321 , 1.9957718 ,
  2.049837  , 2.1179016 , 2.1274579 , 2.2238522 ],
 [1.1463004 , 1.162874  , 1.2179898 , 1.3204672 , 1.3724684 , 1.4505097 , 1.4703864 , 1.5717161 , 1.5980977 , 1.6578194 , 1.7198559 , 1.8208745 , 1.8739119 , 1.9273839 , 1.9795299 , 2.072632  ,
  2.1055467 , 2.192996  , 2.2323482 , 2.2906168 ],
 [1.1677607 , 1.2220826 , 1.3128566 , 1.3621632 , 1.4099327 , 1.5139744 , 1.5470334 , 1.6206132 , 1.7063884 , 1.7534543 , 1.7870139 , 1.9003899 , 1.9456625 , 1.9920943 , 2.0443563 , 2.1476414 ,
  2.2012043 , 2.2600076 , 2.3456335 , 2.4033158 ],
 [1.1991005 , 1.2747034 , 1.3369093 , 1.4326367 , 1.4560119 , 1.5541934 , 1.6317475 , 1.7046059 , 1.7385249 , 1.8332754 , 1.856638  , 1.9667871 , 1.9896493 , 2.0718372 , 2.1618378 , 2.1889951 ,
  2.2597551 , 2.3553352 , 2.4212022 , 2.4824688 ],
 [1.281637  , 1.3405634 , 1.3911079 , 1.4647417 , 1.5228958 , 1.6345071 , 1.6830035 , 1.740051  , 1.8117204 , 1.908837  , 1.9292011 , 2.0231738 , 2.0863533 , 2.1606872 , 2.1930866 , 2.3123274 ,
  2.383927  , 2.429908  , 2.505799  , 2.58735   ],
 [1.3324343 , 1.3691523 , 1.4645773 , 1.536403  , 1.5954479 , 1.6841867 , 1.766062  , 1.8355341 , 1.8770504 , 1.9267943 , 2.0490904 , 2.110334  , 2.1374798 , 2.2552505 , 2.3221939 , 2.3711302 ,
  2.4454765 , 2.50394   , 2.5532856 , 2.640112  ],
 [1.3881712 , 1.4122779 , 1.50401   , 1.5798901 , 1.6602437 , 1.7551913 , 1.7927808 , 1.8648171 , 1.96025   , 2.0151331 , 2.0734763 , 2.1591463 , 2.2124515 , 2.2865832 , 2.377902  , 2.4451356 ,
  2.5468907 , 2.5857437 , 2.6708353 , 2.745936  ],
 [1.3907857 , 1.5038122 , 1.5486822 , 1.6696643 , 1.6949197 , 1.7848774 , 1.839121  , 1.9678124 , 2.0121317 , 2.0917232 , 2.1340246 , 2.2489977 , 2.2905943 , 2.4058833 , 2.4383085 , 2.5114412 ,
  2.576193  , 2.6763241 , 2.7558904 , 2.7999425 ],
 [1.4865316 , 1.5431973 , 1.6234634 , 1.6944457 , 1.7680458 , 1.8535784 , 1.9053144 , 1.9829156 , 2.0997071 , 2.1807668 , 2.2223985 , 2.2922447 , 2.39064   , 2.452524  , 2.5055232 , 2.589369  ,
  2.6989584 , 2.7715354 , 2.8096259 , 2.8973184 ],
 [1.5038645 , 1.6083136 , 1.6471826 , 1.7302465 , 1.849995  , 1.8907127 , 1.9971647 , 2.050291  , 2.1199665 , 2.2065904 , 2.3133361 , 2.3993418 , 2.4758132 , 2.527831  , 2.622085  , 2.6722991 ,
  2.7555888 , 2.86978   , 2.8947802 , 2.9771304 ]]

  Параметр #2, форма: (20,)
  Значения: [0.02 , 0.042, 0.068, 0.098, 0.132, 0.17 , 0.212, 0.258, 0.308, 0.362, 0.42 , 0.482, 0.548, 0.618, 0.692, 0.77 , 0.852, 0.938, 1.028, 1.122]

--------------------------------------------------------------------------------
Слой: dense_hidden_layer_2 (Dense)
  Параметр #1, форма: (20, 10)
  Значения: [[0.09831545, 0.12106129, 0.15725742, 0.20332167, 0.22685698, 0.27570686, 0.30269775, 0.3136727 , 0.34037694, 0.3751877 ],
 [0.1936118 , 0.21372254, 0.26096594, 0.28537646, 0.3240819 , 0.35244507, 0.37977862, 0.43893814, 0.46454424, 0.4726045 ],
 [0.28473872, 0.30549726, 0.3577821 , 0.3899942 , 0.41100854, 0.4308988 , 0.4767471 , 0.52366537, 0.5633391 , 0.5843155 ],
 [0.33557424, 0.40239722, 0.44737607, 0.46802762, 0.49286717, 0.5358923 , 0.56473565, 0.63957196, 0.64671004, 0.7040607 ],
 [0.4209622 , 0.4741671 , 0.52005684, 0.56918967, 0.58625686, 0.6204398 , 0.6674754 , 0.7400007 , 0.7809556 , 0.8118965 ],
 [0.5140207 , 0.56160146, 0.58701485, 0.66157645, 0.6867508 , 0.7303255 , 0.7807567 , 0.8068786 , 0.8566513 , 0.9245213 ],
 [0.5733119 , 0.6421261 , 0.675814  , 0.7295718 , 0.77354777, 0.8242269 , 0.88676184, 0.9178849 , 0.9766562 , 1.021042  ],
 [0.6765469 , 0.7384732 , 0.78130287, 0.8115976 , 0.8552473 , 0.91549057, 0.97980314, 1.009057  , 1.0778546 , 1.1328737 ],
 [0.74336976, 0.8148365 , 0.84226394, 0.8950055 , 0.9751276 , 1.0198196 , 1.081536  , 1.1253932 , 1.171856  , 1.248764  ],
 [0.84197664, 0.89478785, 0.9348858 , 1.0046092 , 1.052439  , 1.0986633 , 1.1886926 , 1.2144728 , 1.3040094 , 1.3408402 ],
 [0.8974053 , 0.97167605, 1.0449178 , 1.099289  , 1.1622624 , 1.2163514 , 1.277691  , 1.3439678 , 1.3799868 , 1.449577  ],
 [0.9788484 , 1.0725067 , 1.1337624 , 1.160577  , 1.250223  , 1.3220099 , 1.3552231 , 1.4337178 , 1.5106195 , 1.5383579 ],
 [1.0778968 , 1.1278939 , 1.2189759 , 1.2868423 , 1.3517706 , 1.3989686 , 1.4804817 , 1.545782  , 1.590764  , 1.6771566 ],
 [1.1314803 , 1.2228508 , 1.2772003 , 1.3418226 , 1.4090781 , 1.5028516 , 1.557595  , 1.6419907 , 1.6846143 , 1.7636116 ],
 [1.2315797 , 1.3136289 , 1.3667501 , 1.4510356 , 1.5334392 , 1.5946345 , 1.6513184 , 1.7149761 , 1.820804  , 1.8588507 ],
 [1.324988  , 1.3861575 , 1.4775627 , 1.5469513 , 1.6299174 , 1.6790285 , 1.7706876 , 1.8310772 , 1.9091951 , 1.9901003 ],
 [1.404947  , 1.4873633 , 1.556731  , 1.6207107 , 1.6988543 , 1.7895033 , 1.8475511 , 1.920419  , 2.008185  , 2.0834897 ],
 [1.4618523 , 1.5403444 , 1.6136837 , 1.693715  , 1.8135089 , 1.872111  , 1.9513731 , 2.0441859 , 2.1067302 , 2.2169983 ],
 [1.5614538 , 1.6175765 , 1.7147032 , 1.8171648 , 1.9037893 , 1.9686961 , 2.0585365 , 2.1246815 , 2.2416468 , 2.2952669 ],
 [1.6477093 , 1.7229859 , 1.8083094 , 1.8915075 , 1.9672267 , 2.052061  , 2.1408195 , 2.2264576 , 2.3371835 , 2.407005  ]]

  Параметр #2, форма: (10,)
  Значения: [0.03 , 0.063, 0.102, 0.147, 0.198, 0.255, 0.318, 0.387, 0.462, 0.543]

--------------------------------------------------------------------------------
Слой: dense_output_layer (Dense)
  Параметр #1, форма: (10, 1)
  Значения: [[0.09115686],
 [0.21938205],
 [0.3476757 ],
 [0.49855503],
 [0.66989815],
 [0.8434779 ],
 [1.0579249 ],
 [1.2951648 ],
 [1.5439204 ],
 [1.8030779 ]]

  Параметр #2, форма: (1,)
  Значения: [0.5]

--------------------------------------------------------------------------------
