Модель: sequential
================================================================================

Слой: dense_input_layer (Dense)
  Параметр #1, форма: (20, 64)
  Значения: [[ 0.04196826,  1.3371911 ,  4.362286  ,  0.46379083, -1.470518  , -0.3940922 , -2.5428905 ,  1.6566577 , -4.352826  ,  0.67363685, -0.23814295, -0.86059713,  0.04822037,  0.6129469 ,  0.19596356,
  -0.0948013 ,  0.03548819,  1.8480467 , -0.3486142 , -1.2488643 ,  0.34339833, -0.36603525,  0.2880634 ,  0.00382701, -0.32420453, -0.43893647, -0.06065914,  3.168128  , -0.31969085,  0.6644821 ,
   1.2205614 , -0.03218411, -2.8058243 ,  1.2501818 , -0.07624074, -0.89057213,  4.799336  ,  1.3102431 , -0.63917655,  4.480419  , -2.712925  ,  0.03700195, -0.45631063, -0.22625467,  0.13452399,
   0.32297355,  0.59060425,  1.5650984 ,  0.36702314,  0.75233257, -0.8451579 ,  0.7576035 ,  0.5423181 , -0.17675152,  2.8881543 , -0.09349818,  0.11328815, -0.14626126,  0.14908357,  3.2221522 ,
  -0.4436469 , -4.502114  ,  0.7005053 , -0.12297508],
 [ 0.5682378 ,  1.6988974 , -0.2404635 , -1.2398025 ,  1.2681633 , -1.6268201 ,  0.5754916 , -0.692897  ,  2.9185972 ,  0.62036747, -0.07671519, -0.14090452,  2.4338524 ,  2.2366717 , -0.5457911 ,
   0.4049343 ,  1.8598516 ,  0.12392392, -1.0639236 ,  0.7929707 , -0.52925324, -0.77891624, -2.9891202 ,  1.2334845 ,  3.5554595 ,  0.47902787,  2.208217  , -0.34117782,  0.19183634,  2.2128499 ,
   0.77623236, -4.081591  ,  0.27507716,  1.0407351 , -0.9317679 , -1.3986576 ,  0.72920406,  1.105312  , -0.6574614 ,  0.5605634 ,  0.16628294,  0.01774806, -1.2485679 ,  2.0186133 ,  0.12647723,
  -0.30997005,  3.2790499 ,  3.2752364 , -0.81441337,  1.8740796 , -0.18577759,  0.82860047, -0.9329854 , -2.2136607 ,  0.1061013 , -0.26878187,  0.22231817,  0.88247514, -1.3148687 , -0.409726  ,
   0.17825511, -0.3376805 , -2.2108302 ,  0.6688123 ],
 [ 0.19871949, -0.9071518 ,  0.96859676,  1.4856588 , -1.1417344 , -2.6273084 , -2.1696146 ,  0.850479  ,  2.2834635 , -1.4219364 , -0.6028075 , -4.4939976 , -0.23719023,  2.2048252 , -0.35229173,
  -0.89201707,  0.44496915, -3.836205  , -1.630399  , -0.34151745,  0.10817669,  4.0666018 ,  0.94470674,  0.54206365, -0.0818309 ,  0.9198594 ,  5.3239436 ,  0.3302276 ,  0.8338865 ,  0.8143723 ,
  -1.4361764 , -0.09702834, -0.55294675, -1.9665775 ,  0.17422305,  0.99980044,  1.0321203 , -1.6490527 , -1.6674603 ,  0.1838822 ,  1.0944467 ,  0.3756969 , -1.1904835 ,  0.4573869 , -0.80767936,
  -0.2672735 , -0.509561  , -0.1988628 ,  5.058127  , -0.23109181, -0.06755573, -1.2347564 , -0.1832285 , -0.0533186 , -0.3730895 , -0.5061186 ,  1.4566101 ,  0.30671614,  2.3039837 ,  0.03053671,
   0.5143939 , -0.40397587, -0.91917115,  0.23584566],
 [-5.125067  , -0.6148721 ,  0.74983793, -0.11233651,  0.508649  , -0.7385213 ,  1.1443418 ,  0.7985458 , -1.0656877 , -1.8001825 ,  0.66458434,  0.27038932, -1.3811734 ,  0.39823917,  0.58520466,
   0.19966377, -0.02112446,  0.67569876, -0.10752814, -0.34297773, -0.44412893,  5.5121007 , -0.6169514 , -0.6198881 ,  0.45225242, -0.515644  , -0.39872986, -3.5854938 , -0.8837346 , -0.30101684,
  -0.9359244 ,  0.3626602 ,  0.09821665, -0.46544254, -2.405494  , -0.12130108, -0.520339  ,  0.00224333, -1.7182398 , -0.8953138 , -1.1524048 , -1.7336081 ,  0.761884  , -3.8290176 , -0.46326807,
   1.5533254 ,  0.9772884 ,  0.21975327, -1.0254726 , -0.6052422 ,  0.4105738 ,  0.00019727, -1.1137056 , -0.675333  , -4.9917817 ,  0.6507279 ,  0.26775956, -2.740692  ,  1.5071211 ,  5.682365  ,
   0.00866685,  0.99331194,  0.15858887, -1.4279513 ],
 [-0.08911777, -0.16333635,  1.2179204 , -0.6334673 ,  0.48001474,  0.03070346, -1.2229526 ,  0.3445565 , -0.6070473 ,  1.2748642 , -0.07521483,  0.02743669,  1.6554617 ,  1.0169181 ,  1.6181872 ,
  -0.611537  ,  0.5050963 ,  0.57105166, -5.3170824 ,  0.80142945, -0.87966454, -0.0870371 ,  0.35156134,  0.6071083 , -0.6680295 ,  1.7792418 ,  0.22732383,  1.2087468 ,  0.06363057, -4.538689  ,
   3.714169  , -0.8503225 , -1.7287076 ,  1.1180745 , -1.5126405 , -1.0773685 , -4.0230155 ,  0.33983597, -0.3577622 ,  0.86844784,  1.5853279 , -0.77043164,  1.087027  , -0.07296823,  0.1434133 ,
   0.22405073, -0.5168707 , -0.42757627, -1.3853704 ,  1.754685  ,  0.05099651,  5.3880877 , -0.14609349,  0.33358803, -0.24250653, -0.7383337 ,  0.7777925 ,  3.9493184 , -0.02259469,  0.81284815,
   0.18217076, -0.78125274, -1.1983502 , -0.07268791],
 [ 0.6069416 ,  0.43475518,  3.4300683 , -4.1954827 ,  0.09126376,  4.9195323 , -0.7528853 ,  2.6498585 , -0.71289355,  0.5430194 ,  0.38355678, -0.23723692, -0.11855238, -0.02993209, -0.65688694,
   0.37076622,  0.1127842 ,  0.90229833,  0.13285857,  1.3449086 ,  0.6436815 ,  0.72297883, -0.5939762 ,  0.36434013, -0.78568816,  0.09822597,  1.332962  ,  2.0850155 , -0.13134985, -0.16510311,
   0.321029  , -1.641297  ,  4.62525   , -0.13663526,  0.570994  ,  0.41301417,  0.48983243,  0.6981799 ,  0.50634336, -3.0430632 ,  1.1291815 , -1.3117856 ,  0.01392542, -4.770335  ,  0.10466282,
   3.1859477 ,  0.14201246,  0.03192183, -0.76925874, -0.17499544, -0.7003842 ,  0.3254186 , -0.5473242 ,  1.1471949 ,  3.5271297 , -0.30926174, -0.5221821 , -0.08405281,  4.5742273 , -1.0369126 ,
  -5.2038684 , -0.79779434,  0.15913114, -0.24141423],
 [ 0.5228399 ,  0.43530923,  0.24437235,  1.488896  ,  1.0624504 , -0.8163873 , -0.01241507,  0.32761952,  3.8590262 ,  0.36114734,  0.10430177,  1.7255653 , -0.19397578,  0.62979007, -0.4869166 ,
  -0.40576395,  2.4911845 , -2.528785  , -3.6515334 ,  1.1941122 , -0.29610816, -0.27139142, -0.481734  , -0.91128105, -0.17299569,  0.88536763, -4.5407915 ,  2.1758616 ,  0.2999647 , -0.10099388,
  -0.79710275, -2.0495758 ,  0.3214362 ,  3.4666414 ,  1.613135  ,  0.12241393,  3.2839506 ,  1.5994487 ,  1.9131545 ,  0.9430866 ,  0.0034077 ,  0.3381484 , -0.7372194 ,  0.5039928 , -4.7341437 ,
  -0.20148438, -0.04531035, -3.1938019 , -1.2838643 ,  1.1748127 , -0.22067046,  0.46456426,  1.2550051 ,  0.11437139,  0.09194901,  0.40588266,  0.6957923 , -0.00234019, -0.17052959, -0.38148502,
  -0.56207   ,  1.7650111 ,  0.3123131 , -2.5069256 ],
 [-4.723273  , -0.5701472 ,  2.0178363 , -0.26815742,  1.4420666 , -1.8510009 , -0.21716689,  0.38798583, -0.07525066,  2.2427583 , -0.22522394,  2.32206   ,  0.40049723,  0.56313646, -1.4990261 ,
   0.4781236 , -0.9273549 , -1.4602575 , -0.66189235, -1.4611326 ,  0.21274565,  0.08531404, -0.9892717 , -0.27054283,  3.847085  ,  1.2051415 , -0.9115115 , -0.90664434, -0.4296052 ,  2.6101987 ,
  -0.409713  , -1.8668184 ,  0.10319123, -0.7815567 ,  0.20988457,  0.6700728 , -0.07481214, -0.13264541,  0.30257592,  0.50568324, -1.2854011 ,  4.9617405 ,  0.28863025, -0.28797308,  0.655085  ,
  -0.2547773 ,  3.1399324 ,  0.08812304, -0.3873478 ,  0.18565837, -1.5119369 ,  0.33744222, -1.164392  ,  2.6147509 , -0.09323747,  0.33457085, -1.0031363 , -0.7265734 ,  4.8740416 ,  1.2860569 ,
   0.45721805,  0.32865995, -2.9408686 , -1.2592244 ],
 [ 1.7867697 , -0.2075765 ,  4.115573  , -0.22937061, -0.38892707,  4.2479186 , -0.01504124,  0.5616771 , -0.01370596,  1.6350919 , -0.6264382 , -0.2566478 , -0.32537577, -2.9226213 , -0.73899543,
  -1.2743686 ,  0.11208363, -0.12900114,  0.4336221 , -0.573118  , -0.34764707,  0.28592226,  0.711929  , -0.8277338 ,  5.020145  , -2.88393   , -0.09493225,  0.28361395,  0.9502546 , -1.4136087 ,
   4.898129  ,  0.51030576, -0.9210868 , -2.7254593 , -2.4942749 , -0.20518848,  0.6937446 , -0.37671897,  0.5200959 , -1.0741498 , -0.7601765 ,  3.8300066 ,  4.759631  , -0.8284541 ,  2.3118823 ,
   3.3730538 ,  2.6598737 , -1.9190371 , -1.5589731 ,  0.21132132,  0.28950185, -1.0552158 ,  0.5080126 , -0.40980822,  1.5183609 , -0.36331865,  1.6270763 ,  1.2233394 ,  0.10406093, -4.7473607 ,
   0.40098873,  3.2164307 ,  0.10345806, -0.20858236],
 [ 0.60771304,  0.15498014,  0.37605017, -3.7296753 ,  0.1882024 , -2.9287472 ,  1.0199159 ,  0.40607172,  2.6216304 , -0.5601125 ,  3.6386075 ,  0.24977419,  0.35381493,  1.3749048 , -0.10738259,
  -2.3284273 , -0.6753219 , -0.49727225, -0.70830065, -0.29250592,  0.07885246,  4.5497065 ,  0.41184556,  4.2174416 , -0.42849734, -0.40046346,  0.5175893 , -0.4035919 ,  0.3367703 , -0.6000943 ,
  -2.0344687 ,  0.35252413,  0.7531624 , -0.2556901 , -0.01617336, -4.388274  , -0.06076217, -1.3340375 ,  0.14031714,  0.4288716 , -0.17964585, -4.170557  , -0.2707244 , -0.78949714, -0.09573735,
   0.6276919 , -0.19420268,  1.1556919 , -1.1241636 ,  1.3454194 , -1.346612  , -0.9195226 , -1.3367684 ,  3.9251149 , -2.828497  ,  0.26345825, -0.2138442 , -0.8176009 ,  0.5533436 , -1.0214964 ,
   2.4614298 , -1.1582485 ,  0.08196329,  0.24241783],
 [-0.24660455,  0.49673465, -0.43683967, -0.01359087,  1.2207352 ,  0.20446333,  1.3467736 , -1.1111903 , -0.17666015,  2.4695218 ,  5.1077332 , -0.12615745, -0.4472583 ,  0.21865231, -0.07363066,
   0.5749247 , -0.24833627,  1.8380802 , -1.6776712 ,  0.33501258, -0.7725199 ,  1.2576761 ,  0.15367432,  1.4851507 , -1.4027923 ,  0.19226448,  0.00021297, -0.10337552,  1.4904816 ,  0.88840187,
   0.7089366 , -0.262814  , -3.437864  , -0.30921373,  1.9110138 ,  1.9470077 ,  3.0802186 , -0.16938052, -0.752339  ,  0.28450307,  0.62505096, -0.21996112, -0.5288564 , -0.3428515 , -1.0549709 ,
   1.3498602 , -0.9482226 ,  0.90416914, -0.18891506, -0.39222836, -0.13579693, -1.6687998 , -1.4865993 ,  0.41380522,  1.9575062 ,  2.5661674 , -0.13107829, -0.26226512,  3.593728  , -0.5405021 ,
   3.8458111 ,  0.10156482, -1.866827  , -0.43499166],
 [ 1.0391647 ,  1.4371687 , -0.01873336, -0.33471617, -0.53287977, -1.2025859 , -4.604718  , -0.40000468,  0.18999468, -0.30157137, -4.0575438 , -0.02734354, -0.14688298, -0.9828671 ,  2.194372  ,
  -3.4978962 ,  0.12998585, -0.6786738 ,  0.31038675, -1.6858855 ,  1.1348302 ,  1.734395  , -0.7037756 ,  0.08486312,  0.7359537 ,  0.14678071,  0.74566853,  0.39845356,  0.1092251 ,  0.30526   ,
  -4.189171  , -0.1616208 , -0.34697744, -3.8598785 , -0.00672296,  0.4652689 , -1.1671894 , -0.31506643,  0.63800704,  0.30952322, -0.7915571 , -1.5144398 ,  0.54825914, -0.28757593,  0.772886  ,
   1.2027032 , -1.7471639 , -4.166711  , -1.3358117 , -0.49292386,  0.48136696, -0.24582005, -0.1663595 , -0.14684272,  0.9782106 ,  4.532813  ,  0.57496345, -0.08086114,  4.1542006 , -3.3944097 ,
  -0.29874492, -0.1410102 ,  1.7644109 ,  0.29364052],
 [ 1.6453756 ,  0.40952608, -1.7983657 , -0.75762165, -0.65369636,  0.0438639 , -0.37250182,  3.385685  , -0.87951463, -0.8879334 , -0.05294304, -1.0277299 ,  0.47903782,  0.05456127,  0.1383809 ,
  -0.5287447 , -0.03600797,  0.46685714,  0.56792957,  0.47578305,  1.5014255 , -0.64454454,  3.0190399 ,  0.7753402 ,  0.78235036,  0.71471304,  0.36842728,  0.36825022,  0.29123762,  0.3811768 ,
   0.39367622, -0.21501257,  1.4956483 , -0.24174042, -2.4297662 ,  0.07619744,  0.7106945 ,  2.8493688 ,  3.0371027 , -0.22764724,  0.52718645,  1.0525953 , -0.06520437,  0.00656214, -0.07544561,
  -0.400806  , -0.4647743 ,  1.7905561 , -0.13512975, -0.6510545 , -0.9054187 , -0.9040592 ,  0.5938682 ,  0.45217022, -0.0043561 ,  1.0041474 ,  0.48824283,  1.0246446 , -0.5966386 , -0.3328499 ,
   0.020907  , -2.0620418 ,  0.24322978,  0.9317317 ],
 [-5.0032454 ,  1.4089648 ,  0.02942822,  1.8715812 , -0.13683957,  0.530296  ,  1.3249512 , -2.8173811 ,  1.0693905 , -0.5259777 ,  0.3788297 ,  0.42489132, -0.3809341 ,  2.195305  , -1.8506004 ,
   2.2609577 ,  0.30402392,  0.1921802 , -0.7264431 ,  4.5610466 ,  0.4833875 ,  0.0479627 ,  0.90916854, -0.37498662,  1.0573559 ,  0.35920364,  0.3420065 , -2.5920591 , -0.01652521, -1.2831914 ,
   0.13975291, -1.4488333 , -0.23712055,  0.9883151 , -0.45428252, -1.618743  , -1.1395736 , -1.5489212 ,  4.6405997 , -0.18856423, -3.497214  , -0.9563714 ,  1.3355573 , -0.16602509,  0.37244123,
   5.141404  , -4.291391  , -0.02836789, -0.04614777, -0.60401434, -0.04464589, -0.50599146, -0.01984393,  0.73487085,  3.594824  ,  1.0501307 , -0.6980353 , -0.00857099,  0.0919603 , -0.39106846,
  -0.12711468,  0.9322839 ,  0.72552997, -0.13383192],
 [ 2.2977939 , -0.10084713, -1.5976605 , -0.34376568,  0.0033631 ,  2.0183547 , -2.280035  ,  1.6660076 , -0.36752176, -1.437085  , -0.19105019, -1.4041167 , -0.27405587, -1.1734134 ,  0.20285787,
   0.30125895,  0.17682818,  0.5698035 ,  2.7950792 ,  0.5078752 , -1.3286961 , -0.7267466 , -3.931947  , -0.92803395, -0.62324446,  0.5651829 ,  0.02271559,  0.82645476,  1.9915978 , -4.04414   ,
  -0.4093456 ,  1.2502452 ,  0.575263  , -1.889516  , -2.3842368 , -1.2568766 , -0.18364269, -0.7026474 ,  0.17374277,  1.6943536 ,  0.3377656 ,  0.4474524 ,  0.5067444 ,  0.27082816,  0.4563364 ,
  -0.17088285, -0.9102574 , -0.6428737 ,  0.75260854,  0.43321583,  0.78059727,  0.51557285,  1.7185439 ,  0.24692214,  0.3252934 ,  0.39965513, -4.351842  , -0.69489807, -0.54666865, -1.6968783 ,
   0.04524493, -3.0177457 ,  0.7200725 ,  0.91699415],
 [ 0.9593959 ,  0.10132442, -5.0717993 , -0.20847706,  0.61812246,  0.7321913 , -0.49204054, -4.1054716 ,  1.9309083 , -1.5160327 ,  1.8897986 ,  0.8763067 ,  1.0536149 ,  0.04014378, -0.5871156 ,
   0.59825027, -0.28827882,  0.07596943, -0.24381183, -0.39975852, -1.5526211 , -0.09126408, -0.80800617,  3.7634463 ,  0.6589703 ,  0.10813145, -0.3146066 ,  3.1748295 ,  2.3781288 ,  1.0654309 ,
   0.08704243, -0.13048416,  0.85617626, -0.8179185 , -4.52766   ,  0.01257792, -0.36479658,  2.0537772 , -0.4088959 , -3.9999213 ,  0.6273234 ,  0.85460716,  0.29692772,  0.96703357,  1.1791819 ,
   1.6675701 ,  0.4708025 ,  2.1747525 , -3.432203  , -0.76519567,  2.0192327 , -0.46937466,  2.5675037 ,  0.04936286, -1.0097245 , -0.10430669, -0.89101315,  1.6256355 ,  1.5169009 , -0.8880648 ,
   4.364862  , -0.48875704,  3.2097461 , -0.03360228],
 [-0.6043435 , -0.8212968 ,  0.5957627 , -2.1631608 ,  1.5018204 ,  0.3431721 , -3.3290405 ,  0.07401349,  2.3622386 ,  0.9319194 , -1.1189665 , -0.48348278,  3.403969  , -4.5042195 ,  0.37348545,
  -0.09360555,  0.03091357, -1.0485927 ,  0.07512467,  0.00595842, -0.9239725 ,  0.10201155, -0.8081552 ,  1.5833654 , -0.37616554,  1.8309201 , -2.7762597 , -3.1185887 , -0.5218462 , -0.33052254,
  -4.17714   , -0.23308979, -0.7286152 , -0.19979534,  1.1882702 ,  3.225905  ,  0.2825611 , -3.6478078 ,  0.75144005, -0.44226998,  0.587762  , -0.19129497,  4.982773  ,  1.6634288 ,  0.04304475,
   2.6901712 ,  0.16211677, -0.8363747 , -1.8764426 ,  0.16048765,  0.05234832, -1.198526  ,  0.31626883,  0.6650228 ,  0.17808296,  3.246556  , -1.5834627 ,  0.8225599 , -0.2866351 , -3.4789658 ,
  -0.9234199 ,  3.3015845 ,  0.06072859,  1.093286  ],
 [-1.8728256 ,  0.49903628, -0.54638165,  1.1266478 ,  1.0867327 ,  1.6336818 , -0.9573017 ,  2.196009  ,  1.1082702 , -0.222604  , -0.24233451,  1.3143424 ,  1.3379177 , -0.145301  ,  0.34258208,
  -4.6573896 , -2.9523745 ,  2.291922  ,  0.3580993 ,  4.709527  ,  0.693606  , -0.8871138 ,  1.061879  , -4.1807356 , -4.4043307 ,  1.6317197 ,  2.181301  , -0.54453355, -3.050387  , -0.7718733 ,
   1.744945  , -0.9568065 , -1.086716  , -1.0415071 ,  0.30684525,  0.5187659 , -0.82951814,  1.7121617 ,  0.19345562,  1.1792431 , -1.5468197 ,  0.39194676, -0.52668285,  1.2756062 , -0.73363006,
  -1.3418288 ,  3.7641258 , -0.3269683 ,  0.80574167, -0.5966407 ,  0.1313607 , -0.55800337, -0.24656756, -1.5448375 ,  0.8401601 ,  0.07354248,  3.0393002 ,  0.5253712 ,  0.6846178 ,  1.1653618 ,
  -0.3177119 , -1.5201384 ,  0.16822785, -0.45498234],
 [ 0.49795413,  4.958442  , -0.9187937 , -0.5909863 , -0.40501097,  2.8835635 ,  0.27631217, -0.68026024, -5.022983  ,  0.08602456,  0.29100192,  4.6693206 ,  0.27792314, -0.51324016,  1.3819468 ,
  -0.09103004,  0.07901672,  0.64214474, -0.39652002, -1.035803  ,  4.1322083 , -2.829428  ,  1.6657352 ,  0.12785074, -0.20483197, -0.35085365,  0.07704815,  0.0771516 , -0.34120372,  0.2844322 ,
   0.0166941 , -0.13321373,  2.3984349 ,  1.5242783 , -4.4458466 ,  0.56121284,  3.0542228 ,  0.34598187,  0.28032732, -0.43499446, -0.98695636,  0.12861931,  1.2667149 ,  1.3954697 ,  5.6053367 ,
   0.8548196 ,  0.39981052, -0.26419386, -2.836987  ,  0.65671474, -1.3064939 , -1.6496648 , -0.86289465,  1.8839027 , -0.18135956,  2.8049166 ,  3.399189  , -1.5850303 ,  0.02794558,  0.63612443,
   0.76990306,  0.26200053,  3.7051995 , -0.05481435],
 [-1.0480332 ,  1.0646622 , -2.7993774 , -0.24486426, -1.301369  ,  3.0575418 , -5.004894  ,  4.795712  ,  0.8745026 , -1.1441542 , -1.7181276 ,  1.2808955 ,  0.3124811 ,  0.55870503, -0.18574932,
   0.62054104,  0.3547506 ,  1.39144   , -0.630781  , -0.38727537,  1.1778708 ,  1.8568586 ,  0.5514883 , -0.3144885 ,  0.02068976,  0.53962904, -1.2341733 ,  4.0033274 ,  0.16830277,  0.08527199,
   0.24278891, -0.251973  , -1.1300489 , -3.334086  , -4.252173  ,  0.12960821,  1.8535011 ,  0.35351136,  0.689075  , -0.67737055,  1.3997339 , -1.3333946 , -0.62003165,  0.14442721, -1.9894481 ,
  -0.5181789 ,  3.3047945 , -0.20176592,  0.528883  ,  2.2319298 ,  0.48183963, -2.6026268 ,  4.1602874 , -0.31613824, -0.14082368, -3.7727697 ,  0.64840436, -1.4076887 ,  4.27303   ,  0.3053464 ,
  -1.2153003 , -3.699936  , -0.13689558, -0.5409136 ]]

  Параметр #2, форма: (64,)
  Значения: [-0.63188976,  0.6628499 , -0.9780066 ,  0.8554457 ,  0.22461356, -0.11519268,  0.5343339 ,  0.35792866,  0.9312672 ,  0.92474324,  0.24660331, -0.6102395 , -0.3790563 , -0.05015282,  0.7572052 ,
 -0.31947052, -0.26105836,  1.2938454 , -0.07300895, -0.44431233,  0.54365224, -0.039294  , -0.97271943,  0.72863984, -0.5229275 ,  0.03050992, -0.04769738,  0.16107082, -1.5337518 , -0.23456964,
  0.78738594,  0.88581187, -0.69390327,  0.6444188 , -0.5330008 , -0.26217258, -0.22538906,  0.0761626 ,  0.7009565 ,  0.18520917, -0.08829223,  0.6771179 , -0.56186295, -0.05405221,  0.6970469 ,
  0.37051436, -0.3264128 , -1.0590698 ,  0.21760073, -1.1050726 , -0.14875096,  0.82526386,  0.41773105, -1.4165578 ,  0.14031605, -0.22341894, -0.89160216,  0.2345149 , -0.3442165 , -0.33987382,
  0.08683158, -0.43811917,  0.06701508, -0.41532743]

--------------------------------------------------------------------------------
Слой: dense_hidden_layer_1 (Dense)
  Параметр #1, форма: (64, 48)
  Значения: [[-0.39601427, -3.020331  ,  0.35317415,  0.16110949, -2.677156  , -3.0447116 ,  3.688458  , -3.7240605 , -2.789636  , -2.9871776 , -0.09914824,  1.5287929 ,  0.13876201,  0.07547797,  0.06520287,
   0.3143778 , -0.31678277, -3.0792384 , -0.7778926 , -0.12555492, -0.20130219,  3.142163  ,  1.7096431 ,  0.9914273 ,  0.6020054 ,  2.9683175 , -0.7124354 , -2.8139987 , -3.2205548 , -0.26364392,
   0.00807116,  0.04401629, -2.3066292 , -0.13260972,  0.36796644, -0.49361408, -0.32856736,  0.5460773 , -1.2840877 , -3.0720947 , -0.44318587, -0.0957592 , -0.64957064,  1.8052137 ,  0.33671716,
   3.4225674 , -1.1007868 ,  0.64902085],
 [ 0.47866768, -0.19213378, -0.2884703 ,  0.01334378,  0.59892267,  0.43472934, -0.972874  , -0.23366508, -0.3343734 , -0.15777293, -0.38469824, -1.176994  ,  0.50055176, -0.1947004 , -0.28487414,
  -0.05740058, -3.2966175 , -0.735767  ,  0.16735668, -1.2550361 ,  4.1857634 , -0.82098496,  2.8951895 , -2.5360832 , -0.31190246, -0.55086505, -0.5049117 , -0.18174107, -0.16818166, -4.0114737 ,
   0.8889829 ,  3.666638  , -0.50169814,  1.2844065 , -0.32087126,  0.6347935 , -0.50118554,  0.12227999, -0.2601176 , -0.7995543 , -3.1701913 ,  2.2853563 , -0.29337585, -0.16251235,  1.196006  ,
   2.681994  ,  0.0172285 , -0.09346539],
 [ 0.34363803, -0.11763094, -2.5017424 ,  0.20787048,  0.05370254, -1.2289932 ,  1.1895018 ,  0.54945177, -1.0139692 , -0.35348883,  0.15231612, -0.97316724, -1.2306764 , -0.8094857 ,  0.01628355,
  -0.2300391 , -0.29807413,  1.2799878 ,  0.43400517, -0.26750207, -1.9599612 ,  0.14040433, -0.46976647,  1.0242714 ,  0.16206694, -0.66603833,  0.10829501,  0.22100265, -2.4667652 ,  0.4192658 ,
  -1.1710126 ,  0.7658297 , -0.19209   ,  0.87897855,  0.9586646 ,  0.5558147 ,  0.5510548 , -0.6557505 , -3.7183971 ,  1.4673465 , -0.48323655, -1.3292239 , -0.4516714 , -0.09654126,  0.9667918 ,
  -0.11518026, -0.27250555, -0.15876922],
 [-0.4464372 , -0.55214745,  0.7230691 , -2.559566  ,  1.3860819 ,  1.4261733 , -2.3110766 ,  0.13182248,  0.5916664 , -0.03661102,  2.661178  ,  0.509786  ,  0.34075275,  0.5062367 , -0.0359362 ,
   0.12804303, -0.38262224, -0.81495535, -0.30035892, -0.02172853, -0.2577821 ,  0.8838035 ,  3.11485   , -0.34406802,  0.04023297,  2.8776608 , -2.5266051 ,  0.89059037,  0.5301207 , -0.44420528,
   0.97487783, -0.9702056 , -0.52025634, -0.43252638,  0.42390895,  0.8115141 ,  0.46655875, -0.09197018,  0.562355  ,  0.08448683,  0.02487981, -0.805436  ,  0.07544987, -0.56420386, -0.6569396 ,
   0.26515538,  0.05867809,  2.4923663 ],
 [ 0.1708001 ,  0.49911633,  0.07291377, -0.46980673,  2.0072513 ,  1.0401996 ,  0.56753284, -0.27391797,  0.7650826 ,  0.10315432,  0.695113  ,  2.9492474 , -0.65430444, -2.039022  ,  0.28743088,
   0.63889384, -0.14039718, -0.34051916,  0.7291299 ,  0.65263975, -0.08329817, -0.10475046,  0.15859745,  0.82852554,  0.20310144, -3.241781  ,  0.30647853, -0.71940345,  2.5990124 , -0.9531128 ,
  -0.41144776,  0.15212066,  0.23915885,  0.28225273, -0.25891072, -0.28554067, -0.53824943, -2.963362  , -0.27862924,  0.16970915, -3.385292  ,  2.2584956 ,  1.2688018 ,  0.72839093, -0.12684251,
  -0.12294719,  0.44862622,  1.7971728 ],
 [-0.79316854, -0.40167606,  0.79041505, -0.8113432 , -0.335994  ,  1.0045898 , -0.342183  ,  0.08041796, -2.7967074 ,  2.8293686 , -0.4830541 ,  0.2440849 , -0.5051125 , -1.2660376 , -0.11794799,
  -1.0683633 ,  0.23787703, -3.155307  ,  1.1667436 ,  2.731521  , -0.29496953, -0.22844633,  0.93218726, -0.24737725,  0.33716425,  0.33365932, -1.2584585 , -0.00662169, -1.27332   , -0.37440625,
  -0.33946472, -2.8527443 ,  0.04368191, -0.35676092,  0.6986629 , -0.10429253, -0.50317997, -0.96346635, -2.558623  ,  0.2711928 , -2.4311795 , -0.19181104,  0.5528483 ,  1.482533  , -0.14431772,
   0.36812127, -3.7877233 , -0.90520316],
 [ 0.3037731 , -0.7892342 ,  0.11148767, -1.6165187 , -0.23137508, -0.322528  ,  0.03096453,  0.872006  ,  1.2887017 , -1.32417   , -1.2659757 ,  2.636959  , -1.0311508 , -0.8245787 , -0.00336104,
  -4.0951233 , -0.24796703, -0.57763135,  1.0698093 , -0.27327725, -0.90238315,  0.8628485 ,  0.02046506, -0.5239523 ,  3.621192  ,  0.8637033 ,  0.61265963, -0.48937228, -0.65981036,  0.14605302,
  -0.30165225,  0.27497417,  0.13670301, -0.24933949,  3.5279944 , -0.14919119, -0.32389453,  0.14321016,  1.7087336 ,  0.6132203 , -0.03114797,  0.19012778, -4.029676  , -0.82036346,  0.527828  ,
  -0.62100065,  0.17098723,  0.44319457],
 [ 0.40894863,  1.1671853 ,  0.02239152, -0.5668908 , -0.94639605, -4.18243   , -0.4939034 ,  0.21835817, -1.3501326 , -2.3924127 ,  0.16375327, -0.6412634 , -0.21418092, -0.6205481 , -0.02533907,
  -1.3843586 ,  0.07181097,  0.3933613 ,  0.8637114 , -2.002231  ,  0.3165303 , -1.1538526 ,  0.6751443 , -0.66672826, -1.5884131 ,  0.04373399,  0.93743813,  0.33640832,  0.14828369,  0.8117949 ,
  -0.1755339 , -0.7862168 ,  1.3401295 , -0.07794666,  0.11033738,  0.51869464, -1.8791381 ,  0.5545627 ,  0.16025354,  1.1178302 ,  0.00562137,  1.1614553 , -0.6135744 ,  0.39714295,  0.62541157,
   0.48238173,  2.118915  , -0.90135413],
 [-0.47893676,  3.2813292 , -0.9284833 , -0.6014249 , -0.2720108 , -0.36731917,  1.5099272 , -0.6515958 ,  0.31700185,  0.81713593, -1.2085531 , -0.9555878 , -0.33510348, -0.8862865 ,  0.24439318,
   0.03712863,  2.5947442 ,  0.30456266, -2.8837163 ,  0.7316524 , -0.07882797,  1.1294103 , -0.37918234,  0.31414214,  0.15058182, -0.19672757,  1.2205606 , -1.1547691 , -0.14194313,  0.01898478,
   0.424383  , -2.102681  , -0.22103561, -2.1437464 ,  0.37568736, -0.5901219 , -2.9687197 , -0.09542748,  0.38095027,  1.2580721 , -3.3706195 , -0.4343268 , -0.0948654 , -1.2363962 , -0.38248795,
  -0.11185406, -0.5126644 ,  0.52764034],
 [-0.6079469 ,  0.5635427 , -0.4682963 , -0.9774236 ,  0.14894916, -3.2806919 ,  1.0696031 ,  0.33049464,  0.1949211 , -2.3170705 ,  0.3024991 , -1.2246279 ,  1.0598377 ,  3.53736   ,  0.10134341,
  -0.42867935, -0.5652603 ,  0.0976132 ,  2.016963  , -1.4722842 ,  0.78174216, -0.1763247 ,  0.09246302, -0.3347367 , -0.9150101 , -0.2775306 , -0.11897311, -0.6899822 , -0.30302936,  0.3346279 ,
  -0.17904833, -3.8980377 , -0.5431778 ,  1.2823944 ,  0.44090277,  1.5854496 , -0.67457885, -0.35903063,  0.6461343 , -0.45467493, -1.4239389 , -1.5160781 ,  1.0927535 , -1.5905813 ,  0.37096253,
  -0.07797267,  0.34027222,  0.5233441 ],
 [ 0.49581787, -0.07732025, -0.23245203,  0.41658384,  0.7084873 ,  0.4632557 , -0.83470094, -0.5250928 , -2.0060415 ,  0.8798016 , -1.2617471 , -3.2729876 ,  0.41826165, -0.38171387,  0.1342991 ,
   0.11988541,  1.4536232 , -1.9486986 ,  0.3889701 ,  0.01030786,  0.4440086 , -0.04232984, -0.69677174, -0.65800625, -0.36395493,  1.2755419 ,  0.34246108, -0.03931765, -0.4308402 ,  0.13237627,
   0.5803293 , -0.10083906,  1.795734  ,  0.68165267,  0.5029347 ,  2.1794329 ,  1.102205  , -0.06578107, -0.4721542 , -1.0884558 ,  0.4297231 , -0.6454735 , -2.3554156 , -0.24357837, -0.03347423,
  -0.65029633,  3.1456983 , -0.61684525],
 [ 0.19677885, -0.3786564 , -0.62683827,  0.10127048, -0.6531694 ,  0.754613  , -0.25226995,  1.2151833 , -0.43391323,  0.23831636,  0.6194404 , -0.23762009, -1.6835566 ,  0.04130214, -0.45922932,
   0.680761  , -3.70589   ,  0.1436655 ,  0.7042574 ,  0.40588516,  0.07852896, -0.16944368, -0.50237286,  0.34653115,  0.07688548, -0.10484877,  0.04767322, -0.12945588,  3.5229957 ,  0.85559946,
  -0.29061332,  0.6225137 , -0.30045557, -1.0164702 ,  0.35332075,  3.592097  , -0.6502942 ,  0.6613716 ,  0.08718424, -0.48880932,  0.09261052, -0.03479122, -1.502663  , -0.45680127, -0.52616876,
  -0.5315167 ,  0.72974664, -0.89621013],
 [ 1.36871   , -0.08116358,  0.28804868, -1.7155329 ,  0.11606307, -0.18189631, -0.5654803 ,  0.30695346, -2.3927207 ,  1.1214675 , -1.3128216 ,  0.88602716,  0.5065777 ,  2.1961231 , -0.47934315,
  -0.62730587,  0.04446857,  0.5850905 , -3.9008172 , -0.4150948 ,  0.13582803, -1.0238141 , -0.2902899 , -0.2685146 , -0.29752052, -0.5949355 , -0.02104606,  0.22733586,  0.40128762, -0.21523519,
  -0.72579694, -0.04697059, -0.876017  , -1.3640382 ,  1.5093015 ,  0.2280276 , -1.3591962 ,  0.16742544, -0.1226532 ,  0.38311845, -3.369858  , -0.29430708,  0.11035901, -0.24194804, -0.02742349,
   2.2267168 ,  3.5197651 , -0.01160844],
 [ 0.44992813,  0.5347614 ,  0.48807696,  0.40907475, -0.44356447, -0.37442467, -0.19225965, -1.4035227 , -0.74770415,  1.3452387 ,  2.0686662 , -0.3094842 ,  0.2452087 ,  1.4666221 , -0.43299118,
   0.5355054 , -0.63048303,  0.47943565, -0.13875867,  0.03167952, -0.8517311 ,  0.68412185,  0.07019101,  2.7711017 ,  3.0698068 , -0.15428026,  1.1280497 , -0.584185  , -0.9086366 , -0.8814491 ,
   1.3522944 , -0.66101146,  0.5509506 , -0.3627364 ,  0.04382827,  0.5519283 , -0.4445462 ,  1.6701255 , -1.0474415 , -0.04554642,  0.70465213,  0.434132  , -0.13415115, -0.26168126,  1.0046017 ,
   1.340233  , -0.19821647,  0.12962867],
 [-0.09274031,  0.3497782 ,  0.08970103, -1.191647  , -0.09009574,  0.35420313, -0.40531418, -3.5399048 ,  0.24536772, -3.386853  ,  0.47417662, -0.820886  , -0.83902454,  0.8162666 , -0.26895916,
   0.10989383,  0.13138029, -0.3245515 ,  0.03335078,  0.01175821, -0.65694994,  0.8745706 ,  0.6205373 ,  0.3195512 ,  4.5464897 , -0.3128487 , -0.4602542 ,  1.0065742 ,  0.1428424 ,  0.0692409 ,
  -0.00942738,  1.4070908 ,  2.769461  , -0.56464607, -3.5926661 ,  0.15982784, -0.5127374 ,  0.4477503 ,  1.3579444 ,  0.30209863,  0.48883846, -0.74248976, -0.2713998 ,  0.15979585,  0.6477613 ,
   0.3083822 , -0.02804107,  2.5780482 ],
 [ 0.13952002,  0.11437161,  1.4352489 , -0.07180241,  2.8080745 , -0.28900436,  0.71159756,  1.4121047 , -0.67239636, -0.13135085, -0.77016157, -0.19411828, -0.29461408, -0.33615038, -0.26737   ,
  -1.661314  ,  0.88734126, -0.6338211 , -1.4845093 ,  1.0613959 , -0.8885436 ,  1.1821071 ,  0.5816376 ,  1.6798044 ,  0.17662041,  0.670582  , -2.6303802 , -0.11097031,  2.1945128 , -0.5888756 ,
  -0.6081865 , -0.33152145,  1.0536093 , -0.65151376,  0.08346783,  0.6910229 , -0.4961143 ,  1.9082906 , -0.9810546 , -0.66229475, -1.4320322 , -0.7194674 , -0.10779428, -1.122858  , -3.099565  ,
  -0.01006824,  1.9366902 ,  0.33949736],
 [-1.2917902 , -0.23793724,  0.10315564,  0.09371761,  0.12079293,  0.24538858, -0.97689104, -0.9409796 ,  0.49634773,  0.2421837 ,  0.46907204,  0.14592083, -0.3035061 , -0.3118764 , -0.41487554,
   0.8219925 , -0.34982336,  0.73447543, -2.2660017 ,  2.9322243 , -0.6587468 ,  0.40309617, -0.48134163, -0.6809185 ,  1.0793923 ,  0.40946487,  1.5799807 ,  0.48152283, -0.5951341 ,  0.28917602,
   0.17048384,  0.64285135,  3.2954714 , -0.48470065, -0.48604444, -0.02523035,  0.05527313,  2.8504205 ,  0.5628623 , -0.8159822 , -0.3877328 , -0.26750323, -0.7438751 ,  1.1383749 , -0.11839714,
   0.47734258,  0.07251314,  0.06778768],
 [-0.5842162 ,  0.47105154, -0.30920058,  0.6198025 , -1.2644049 ,  0.585848  ,  0.7611559 , -0.60391045, -3.668695  , -1.4980808 ,  0.23524448,  0.22232077, -0.06143239,  0.5379112 , -0.29137248,
  -0.5599507 , -0.00642348, -0.73416114,  0.29899064,  0.70870155, -0.6173651 , -0.5137776 ,  3.244593  ,  2.3098009 , -3.742399  , -0.07035448, -1.547832  , -1.139184  ,  0.05171094,  0.23612228,
  -0.34702206, -0.43507478,  1.6369059 , -0.07157198, -0.3898734 , -0.22051917, -0.10648411,  0.8451562 , -0.10442945,  0.6658691 ,  0.06860954,  0.45814338,  0.39795074,  0.3767363 , -0.57320744,
  -0.12623456,  0.20441726,  0.5170501 ],
 [ 0.42664424, -0.11516784, -0.6033172 , -0.48803842,  0.796816  , -2.8417754 , -0.00338991, -0.12789747,  0.16487259, -2.8848698 ,  4.0530295 ,  0.6377618 , -0.39274055, -0.44805744, -2.3359046 ,
  -1.162002  , -1.0512363 ,  1.1327385 ,  2.3461604 ,  0.27619278, -0.02890803, -0.74372095,  1.6673586 , -2.0539124 ,  1.679439  ,  1.6283761 ,  0.4775146 ,  3.045244  ,  0.3024944 ,  0.5802424 ,
   2.0183585 , -0.47903433,  1.2951611 , -0.7907831 ,  2.5756567 , -0.8439132 ,  4.8029428 , -0.30725506, -0.9445365 , -0.0522284 , -0.5073845 ,  0.06501759,  0.17293157,  0.5077924 ,  2.8414726 ,
  -1.3417084 , -0.99813515,  0.60694647],
 [ 0.4625646 , -0.40959275,  0.6627691 ,  0.18282162, -0.16255206,  0.7300742 , -0.9723904 , -0.41334668, -0.1351911 , -0.57248956, -0.50039977, -1.7231901 , -0.404306  , -1.8386931 , -3.8135507 ,
  -0.36117703,  0.2778031 ,  0.5517726 , -0.31961533,  0.16818205,  0.58585113,  0.8445287 , -0.10369807,  0.4906154 , -0.11287608,  0.59020686, -0.18481521,  1.3132758 ,  0.44324246,  0.5512693 ,
  -0.12250931,  0.78941804, -0.84272116,  0.76871693,  0.21818657,  0.11384337, -0.39227635,  1.2356787 , -0.52286947, -0.3860847 , -0.41056406, -0.12749341, -0.48269308, -0.11348148,  0.3634613 ,
   0.01894405, -0.39703697, -0.80854785],
 [-0.14769842, -0.24337056,  0.65933555,  1.1339487 , -0.51039016,  0.38583067,  2.0254989 ,  0.1966094 ,  0.8542523 ,  2.2582757 , -0.07934511, -0.06326532,  0.09310506,  0.2764468 , -0.17880704,
   0.11160801, -0.6623183 ,  0.74416107, -0.31341112,  0.47538123, -1.130952  , -0.03074008, -0.01823209,  0.00230914, -0.2947051 , -0.53117007,  0.18392281,  3.2186463 , -0.54399353,  0.19108   ,
   0.34026757, -0.7836897 ,  0.2206738 ,  3.6466587 ,  0.08892359,  0.19548483, -0.6248637 , -0.23266393, -0.05945217,  0.34837526, -0.08546942, -0.30972528,  0.5873296 ,  0.7144989 , -0.3849923 ,
  -0.0373982 , -0.37069562, -0.20180692],
 [ 0.13421395,  0.7860559 , -2.3856757 , -0.989943  ,  0.51316   , -0.8415246 ,  0.7624961 , -0.49629998, -0.38127255, -0.61799574,  0.3313462 , -1.5565825 ,  3.6615632 ,  3.4500844 , -0.26673606,
  -2.2629642 ,  0.11066729,  2.0428128 ,  4.4909596 ,  0.83594465, -0.246569  , -1.2847244 ,  1.3975972 ,  0.6980096 ,  0.17985214, -1.1928662 , -0.27897987,  0.33945325,  0.00548351,  0.07114367,
   1.4471866 ,  1.1415377 , -0.14237882, -1.0533681 ,  0.706896  ,  0.31628558,  0.2666637 ,  3.7516549 , -1.1690413 ,  1.3053671 ,  0.8784935 , -0.04145749, -0.24371679, -0.41597632,  0.79750425,
   0.02037667, -0.26213172,  0.2447924 ],
 [ 1.180779  ,  0.26678854, -0.24752097, -0.02108582, -0.19621135,  1.0852454 , -2.1899307 , -0.32968628, -0.6314902 ,  0.25755364,  0.8111353 ,  0.64829534, -0.682355  ,  0.29788056, -0.25303265,
   0.9710708 ,  0.63955456,  0.8590156 ,  0.32277325, -0.20648065,  3.357517  , -0.92158186,  0.0933419 ,  0.3378735 , -1.1959296 , -0.2652632 , -0.2798679 ,  0.11230783,  3.0930064 , -3.6215107 ,
   0.75538325,  0.7352831 , -1.376295  ,  1.5891467 ,  0.2599903 , -0.49608555,  0.0010961 , -1.9977592 ,  0.069075  , -1.5188811 , -0.5005335 ,  0.51492035,  1.49563   , -0.22597189,  0.5611907 ,
  -3.237264  , -0.29628178,  0.42030263],
 [ 0.25048187,  0.22241187, -0.53665274, -0.3672177 ,  0.8322996 , -0.06646251, -0.6573986 ,  0.5956717 , -0.16902448,  0.90964454, -2.5037038 ,  0.3402453 , -0.11871786,  0.10085343,  0.21317661,
   0.4398882 , -0.29168546,  0.52775514, -1.6686674 ,  0.60243016,  0.07506054, -0.14003378, -0.29354796,  2.979474  ,  0.02478891,  1.5415802 , -1.4319457 ,  0.4307066 , -0.3275661 , -2.3114655 ,
   0.04375335, -0.4838404 ,  0.44637826, -0.98137736,  0.5244781 , -1.085328  , -0.12255988, -0.61698806, -0.30690372,  0.05594636,  1.3972679 ,  0.6703191 ,  3.7145565 ,  0.27223805, -0.03197947,
  -0.12294346, -0.5879373 , -0.2416411 ],
 [-1.2853326 ,  0.7711213 ,  0.09144406,  1.3229182 ,  0.50982153,  0.42316383, -2.278679  , -0.32281882, -0.16664286, -1.5548347 , -2.6025233 , -0.61102515,  1.9824762 ,  0.8214492 ,  0.36852422,
   0.1450242 , -0.20925674,  1.0933638 ,  0.83386886,  0.13862804,  0.15926863, -0.24529558, -0.73429793,  0.09116296,  2.6245425 ,  0.06047497,  0.8287062 , -1.218179  , -0.26117748, -0.9898408 ,
  -0.7668773 ,  2.1225722 ,  0.6217054 , -0.55092686, -0.23649973, -0.1796882 ,  1.0769485 ,  0.8783355 ,  0.84659284,  2.1990926 ,  0.09098564, -0.7349965 ,  0.92981493, -0.19229965,  0.33161074,
  -0.12718423,  0.05915201,  0.45261046],
 [ 0.16416983, -0.3226337 ,  3.0621672 , -0.20473967, -0.17474347, -0.04022329, -0.6196718 , -0.20905319,  3.4925797 , -1.6676768 ,  1.0631411 ,  0.50035167, -0.77500886,  0.34924865, -0.99318385,
   0.44808093, -0.14932993, -0.7958492 ,  0.41086978, -0.26853323,  0.0203012 , -2.4272625 ,  0.22631763, -0.99064624,  0.56519604,  0.6595352 ,  0.02308402,  1.1488082 , -0.29622936, -0.11371395,
  -0.6015341 ,  0.5448213 ,  2.1503222 , -0.5809187 ,  0.47776067, -0.798875  , -1.1372044 , -0.61932284, -0.29376692,  1.1272936 ,  0.03398682, -0.59037286,  0.51058173, -0.2617543 , -1.7413218 ,
   0.06952192,  0.10941997,  0.03009966],
 [ 0.35877284, -0.06619621,  0.36644045,  3.8758156 ,  3.306618  ,  1.4359698 ,  1.5911883 , -0.38319618, -2.084178  , -0.15012228,  0.3999455 , -0.05480136, -0.47833043, -0.9339522 ,  1.1577188 ,
   2.8232145 , -0.7250782 , -0.02391312, -0.3402261 ,  0.84367853,  0.12042432,  0.28249586,  0.43493292, -3.6867373 , -1.1667453 ,  0.57022995, -3.181603  , -0.55859625,  0.30920067, -0.6742898 ,
   0.2896982 ,  1.6718873 ,  0.19330654, -0.03458153,  3.2464309 ,  0.8943262 ,  0.42078435,  0.8108682 , -3.3768425 , -0.04183331, -0.30460188, -0.41949952,  0.25871745, -0.22940858,  0.06822965,
  -0.12924822,  1.039182  , -0.554188  ],
 [ 0.5052336 , -0.39710966, -0.51980156,  2.702471  ,  1.1825913 ,  0.20342293,  0.12934482,  0.04288859, -1.1474618 ,  0.27657238,  0.33305597, -0.38716796,  0.2419182 , -1.8693435 , -0.7106778 ,
   1.6174743 ,  0.03104556, -0.4014321 ,  0.23003994,  1.6819701 , -1.862983  , -1.0857526 ,  0.55528605,  0.3266977 ,  3.4125228 , -0.59094995, -0.36283872,  0.56873155,  0.00837968, -2.2876742 ,
  -0.7616098 , -0.86778057, -0.0022799 , -0.1128993 ,  0.11226317,  1.8207439 ,  0.0018443 , -0.413337  , -0.21858387,  0.3675006 ,  0.45363885, -1.7677681 ,  0.5044338 , -0.7047964 , -0.16759408,
  -1.2785918 , -0.0629696 , -0.4294284 ],
 [-2.373949  ,  0.7826665 ,  0.52290374, -0.36317065, -0.09830292, -0.0638572 ,  0.483992  , -0.26104662,  0.96434295, -0.48427838, -1.241879  ,  0.04572118, -0.24439771, -0.35527685,  1.4375862 ,
  -0.12239363,  0.19291091,  0.23782997,  0.31372273, -0.41069487,  2.6109772 , -0.7525231 ,  0.4056703 ,  0.04955287, -0.29011828,  1.322437  ,  0.5001507 , -0.43219703, -0.02589944,  0.91347605,
   0.3139161 , -0.06844385, -0.36257723, -1.20984   , -0.06030843,  3.8482008 , -0.04936992,  0.2649623 ,  1.7298026 ,  0.33317435,  0.2683654 ,  0.30220678,  3.1932335 , -0.58065575, -0.86196715,
   1.1018904 , -0.66586137, -0.6244125 ],
 [-1.2780215 , -1.0579406 , -0.12703818,  0.62891686,  0.0117854 , -0.57119715, -2.333521  ,  0.89032924,  0.5154964 , -0.6411321 ,  0.46637404, -1.5561849 , -1.4928553 ,  0.21088368,  0.45528647,
   0.47379938,  0.6899233 ,  0.8490581 , -0.6618397 ,  0.52000475,  0.86137336,  0.6617035 , -0.7936527 ,  0.22949044, -0.1811301 , -0.49079287, -0.19267026, -0.15494902, -2.2671533 ,  0.16669007,
   0.4826872 , -0.5827049 , -0.15372209,  0.0176753 ,  0.41966534,  0.7428828 ,  0.93589294, -0.70244616,  0.39041063, -0.32776585, -0.3812332 ,  0.674114  , -0.30807063,  0.5017087 ,  0.5831437 ,
  -3.1800134 , -3.3476331 ,  0.6626889 ],
 [ 0.08286354,  0.4372449 ,  0.24141435, -1.6003934 ,  0.2524085 , -0.0241578 , -3.3151917 , -0.68393135, -0.7123571 ,  0.8322811 ,  0.75703764, -3.872528  , -0.45366585, -4.0159116 ,  0.10340606,
  -1.2828113 , -0.12344489, -0.02509391,  1.4227827 ,  0.00199501,  0.36454716,  0.33045036,  0.3737374 ,  1.4791504 , -0.09505668,  0.7595042 , -3.5325127 ,  0.64449847, -0.08896886,  2.1220589 ,
   0.5913471 , -0.8280724 , -0.38191608,  2.9031575 , -3.4243379 ,  1.2649767 , -0.15950052, -0.7290116 ,  0.78605163,  0.19752114,  3.8554866 , -0.3354786 ,  0.54303825,  2.8632376 ,  0.04499006,
  -0.99465925, -0.03874281,  0.6418617 ],
 [-0.3565639 , -0.20847568,  0.27149433,  0.69330513,  0.08936533,  0.83686894, -1.4365616 , -0.6612856 , -2.3268468 ,  2.0023382 ,  0.06628119, -0.10473392, -0.51356554,  1.0765826 , -0.41966128,
  -0.38076177,  0.9780614 ,  0.35584363, -0.38897818, -0.43013504, -0.352832  , -1.2475214 ,  3.2779343 , -0.49455902,  0.628261  ,  3.9082122 ,  0.02901385, -1.1930432 , -2.6517918 ,  3.8093889 ,
   0.12615506, -0.49542615, -0.38035524, -0.4282505 , -0.94749165,  0.17067714, -0.86007357,  0.34174564, -0.10097199,  1.0653542 ,  1.8421327 , -2.8162649 ,  2.1719303 , -0.87942606,  0.26348692,
  -0.9072373 ,  0.15817045,  0.14996979],
 [-0.40552735,  0.55389196,  0.99282134, -0.3741531 ,  0.1524806 ,  0.15965046,  0.8557826 ,  0.50196373, -0.25004384,  0.59269917,  0.05067694, -1.1993201 , -1.489764  , -0.11485108,  0.06556974,
  -2.1383078 , -0.06566699, -0.2609577 ,  0.23258011, -1.3144926 , -0.05943837,  0.31679744,  0.46057093,  2.84616   , -0.5429586 ,  0.24652539, -3.2930255 , -1.0187286 , -0.41553414,  0.1463695 ,
  -0.04850128,  2.525784  ,  0.47615466, -1.2252516 , -0.47893074, -0.11301712,  0.74353194,  0.5021413 ,  0.8769894 , -1.7269939 ,  0.3708554 , -1.1517498 , -0.1518824 , -0.4757407 ,  0.75193554,
   0.70538056,  0.2997006 ,  0.6694568 ],
 [-0.43804607, -0.14821304, -0.12085406, -3.079305  , -2.4910624 , -0.3634172 ,  0.19432022, -0.13757038, -0.09907044, -0.6368114 , -0.23168162, -0.07424693,  0.6486078 ,  0.3759784 , -0.24224813,
  -0.7052834 , -3.28379   , -0.17567316, -0.0630268 , -0.40054253,  0.53456694, -0.43449274, -0.37855542, -0.03403352, -0.72406536, -0.03331588, -1.1624973 ,  0.11715996,  0.21246153, -0.33825886,
   0.07051012, -0.17958418,  0.05721746, -0.12792815, -2.5017397 ,  0.23387103,  0.22963594,  0.42820197,  3.4196277 ,  1.7324129 ,  0.1907702 , -0.40317178, -0.16143604, -1.8038013 , -1.1140338 ,
  -0.34167105,  0.5341713 ,  0.25873932],
 [ 2.6107469 , -1.5702053 ,  0.09820455, -0.25472012,  0.3968678 , -0.19742338, -0.7116936 ,  0.34243724, -1.4587252 ,  0.02625425, -4.172239  , -2.6451387 , -2.3274493 ,  0.4208434 , -0.60596234,
   0.22919676,  0.3243564 , -0.82659215,  3.3394992 , -1.8700527 , -3.3267305 ,  0.04272762, -0.87021345,  0.4727043 , -0.27660838, -0.5632097 , -0.45304367, -1.2982451 , -1.1791607 , -0.26881167,
  -1.0146679 , -0.50576514, -1.458774  , -0.27729145, -0.27924684, -2.0937996 ,  0.07881795,  0.33185282, -1.1151358 , -0.3426944 ,  1.1128175 ,  0.47056592,  1.0744853 ,  1.5314013 , -0.307592  ,
   2.895858  ,  0.13038996, -0.29785767],
 [ 0.60490453, -3.5443819 ,  0.18853664,  0.28202978, -0.90332365,  1.2079393 , -0.8381608 ,  0.5099656 ,  0.8939842 ,  1.1492219 , -1.9811348 ,  0.33294415,  1.0285281 , -0.30864993, -0.77812296,
  -2.0015972 , -0.11765707,  3.8536654 ,  2.9140196 , -2.5869243 ,  0.54822695,  0.45808092,  0.25310397, -0.07418998,  1.211333  , -0.6205846 , -0.0364788 ,  0.98873216, -1.1594125 ,  0.8928049 ,
   1.0979512 , -1.275987  , -0.14956999, -0.23590402, -0.64159197,  0.47619838, -0.33043706, -0.9335784 , -0.24248764,  0.42129177, -0.1283851 , -0.28357607, -0.343034  , -0.65803176,  1.3544528 ,
  -0.17827569,  0.77524245,  0.01265565],
 [-0.52816784, -2.7675    ,  0.5966997 ,  0.2809372 ,  0.6031844 ,  1.4399817 , -3.0808034 , -0.9208289 , -0.2604441 , -0.00392787,  0.06795766, -0.4124304 , -1.9200873 , -1.1626275 ,  3.0891213 ,
   0.04875202, -2.2586699 ,  0.54201293,  0.60619396, -2.2448921 ,  0.3175279 , -0.42291826,  0.3718199 , -0.25790805,  2.6447113 ,  0.48700303,  0.02864828, -0.20393011,  1.4999878 , -0.08981986,
   1.4265527 ,  1.1656814 ,  0.05813485,  0.19834846,  3.0416408 , -1.3996125 ,  0.57477814,  0.839124  , -0.311337  , -0.6591614 ,  0.05725721,  0.6428138 ,  0.8393584 ,  2.9349625 , -0.30464724,
   0.4520136 , -1.3327475 ,  1.1540425 ],
 [ 0.8925086 ,  1.2573793 , -1.30416   ,  0.05898946,  2.052344  ,  0.5595066 ,  0.12609598, -0.21989289, -0.28697887,  0.20134644, -1.7546877 ,  0.37846515,  0.23586267, -0.4414051 , -0.41379562,
  -0.5696208 ,  0.22831601, -0.3996874 , -0.96048844,  1.0136514 , -1.3498089 ,  1.0127139 ,  0.29666045, -0.14575972, -0.31018332, -0.79016715, -0.09316325,  0.7813603 ,  0.25151774, -0.13964875,
   0.04746792,  0.05944096,  0.09805001, -0.35089055, -0.2322363 , -0.16816401,  0.7091832 ,  0.4606943 ,  0.5609388 , -0.84108853,  0.23073882, -1.2127657 ,  0.57934827,  0.2125338 , -0.9695232 ,
   3.536322  ,  4.183613  ,  3.28515   ],
 [ 0.07504442, -0.21136509,  0.7035677 , -0.55600935,  0.4485681 , -0.40434262,  3.350045  ,  0.7449886 ,  0.13492079,  0.35173166, -0.48427045, -0.85498923,  0.5613741 , -2.9942434 ,  1.2025099 ,
   1.3820939 ,  0.8748884 ,  1.0724411 , -3.8830686 ,  0.10291321,  0.8926633 , -0.5609297 , -0.22847894, -0.579914  , -0.6793822 , -0.00877053,  0.9417686 ,  0.33906513,  0.12799042, -3.3243115 ,
  -3.265157  , -0.6150835 ,  0.8444177 , -0.26996687,  0.74352324, -0.39292258,  0.3637784 ,  0.6723223 , -0.30445406, -0.19094157, -0.1620649 ,  0.65670323, -0.06827621,  2.5651908 ,  3.4598253 ,
   0.57847273, -0.56237787,  0.49344772],
 [-0.3285931 ,  1.5931412 ,  0.15472198,  0.88757384, -0.18157925,  0.5166679 , -1.5910884 ,  1.3716432 ,  0.21185432,  0.8710667 ,  0.05715246,  0.94731146, -1.1713625 ,  0.01054341, -3.3722444 ,
   0.67083037,  0.16232157,  0.4821292 , -0.7208793 , -0.55744356,  0.5644198 , -0.21533526,  0.38790298, -1.2341226 , -0.7147845 ,  0.81749415, -0.1380167 , -0.61948127, -1.1267289 , -0.51833695,
  -1.1835275 ,  0.79299927, -0.15187216, -0.3707926 , -0.02165011, -0.09768258,  0.91737455, -0.62669146,  1.3471465 ,  0.05679744,  0.17838547, -0.82632864,  0.16272405, -0.4956569 ,  0.19679268,
  -0.3051795 , -3.407463  , -0.32199922],
 [ 0.9920949 , -0.8444365 ,  0.7946402 , -1.5399554 , -0.52779764, -0.69416237,  1.8203913 , -0.11447401, -0.30223072,  0.43696555, -0.2605189 , -1.0199888 , -3.7286174 , -0.72993517,  1.7168746 ,
  -0.48594227,  0.7926247 , -2.0213048 , -2.3638766 ,  0.55621296, -0.9359785 , -0.1453454 , -0.5038886 ,  1.0938253 , -0.27550137, -0.521553  , -0.52826285, -1.3197584 ,  0.4377286 ,  1.1597906 ,
   0.74572784, -0.03427429,  0.43536523, -0.12419226,  0.2989928 , -0.02908245,  1.0209554 , -0.5299294 , -0.90029866,  0.69014   , -0.03122203,  0.29985213,  3.9143474 ,  1.0339742 ,  3.516204  ,
  -1.5101824 ,  0.24119139, -0.83201677],
 [-0.7621067 ,  0.33138213,  1.1383007 ,  0.05159179, -0.11559645,  0.22079913,  0.86914814,  0.6912947 ,  2.7363322 , -0.4390181 ,  0.25685364,  1.0741073 ,  0.3145763 ,  1.2819375 , -3.3428361 ,
   1.8296506 ,  0.6237834 ,  0.6202143 , -0.62954456,  4.754243  , -0.16384931,  0.300995  ,  0.26698792,  0.46646762, -0.7148399 , -0.5618776 , -2.898081  ,  0.5888213 ,  0.357199  , -0.7809317 ,
  -0.49349052,  0.13207494, -1.3109033 , -0.3177608 ,  1.0247425 , -0.17784357, -1.0870037 ,  2.3739417 , -0.0874869 ,  0.02404511,  0.38908252, -0.26432392,  1.0947382 ,  3.2559497 , -0.11163407,
   0.15760846,  0.06823234, -0.3441327 ],
 [-0.00769894,  1.9110655 ,  0.69249654,  1.8187084 ,  0.3948764 ,  0.10978344,  0.33321136,  0.20008247,  0.46073815, -1.2437826 , -0.22744924,  0.28760666, -0.89743334, -0.1431283 ,  3.5047843 ,
  -0.50855285, -0.21897492, -0.57113105, -0.28748038,  0.0300669 ,  2.1069577 ,  1.4874928 , -1.6239468 , -0.3695775 , -0.4269814 , -0.7210941 , -0.7499476 , -0.04856388,  4.6639767 , -0.22178382,
  -0.23173426, -0.23475789, -0.7836532 ,  1.9148213 ,  0.12925096, -0.89701587, -0.9773773 ,  0.33922338, -0.403172  ,  3.1604578 ,  2.4940534 ,  0.12548354,  0.2688414 ,  0.10366128, -0.6528457 ,
  -1.476096  ,  0.32222775,  0.5351578 ],
 [ 0.6245651 ,  1.0015316 ,  0.06531277, -0.07242333, -0.3015325 , -0.07031839, -0.21778388,  0.24858028, -0.82376456,  0.25128356, -3.2741525 , -0.35078934,  2.2577567 ,  1.1030898 ,  0.21409634,
  -0.09355021,  0.04141187,  1.0626822 , -0.48105377, -0.45587686, -0.5059586 ,  0.38834095,  0.2972015 ,  1.1782455 ,  1.489431  ,  0.34390578, -0.5807462 ,  0.9411298 , -0.4253501 , -1.2806052 ,
   0.24771659,  3.1063483 ,  1.3967543 , -0.20737277, -0.07242374,  1.5197035 ,  0.8764293 ,  0.5600733 ,  0.88344795,  1.5117804 ,  3.0377126 , -0.47245896, -2.9556932 ,  0.22158995,  0.10495454,
  -0.599013  ,  0.4216787 , -0.33222225],
 [-2.4559808 ,  3.343985  , -0.3243969 ,  3.9341264 ,  0.21415906,  0.5946679 , -0.20662576,  0.64097476, -0.42871246,  0.532304  ,  0.971482  ,  0.7832458 , -0.70627016, -1.1743169 ,  0.26616994,
  -0.5598373 ,  0.11156278,  0.18598257, -0.47049654,  0.4046581 , -0.80599284,  0.69678515, -0.4650615 ,  0.90939   ,  0.6284177 ,  1.1317524 ,  0.67276603,  0.66921806, -0.48818278, -1.0216252 ,
   3.7072492 ,  0.42980295,  0.38240793,  0.30711183,  0.8221522 , -0.06058011,  0.03362023,  2.8554454 ,  0.10337962,  1.5327686 ,  1.0316596 , -0.12990792,  0.23456576,  1.0706497 , -0.49964893,
  -0.49641275, -0.38147599,  0.36128917],
 [-0.31837404, -2.0446055 ,  0.25385526,  0.18581858,  0.2058443 , -0.16130322,  0.13744621,  1.2888412 , -1.2979531 ,  1.7564478 ,  0.8158715 , -0.98522556,  0.50514024,  0.76136345,  0.5679978 ,
   1.2056888 , -0.97985923,  0.31868002, -0.38436976,  0.48495662,  1.5102786 ,  0.45883074,  0.4588938 , -0.9400281 ,  1.0658759 , -3.4888668 ,  0.5660053 , -0.9540892 , -0.26354733,  0.7578348 ,
  -0.3338428 , -1.0320399 ,  0.03853228, -1.792801  ,  0.5599262 , -0.41712365,  1.1395614 ,  0.02414757,  0.5830872 , -0.10122538,  0.84575874, -1.2029773 , -0.17137633,  2.742733  ,  0.88900334,
  -1.4021595 , -0.5629158 ,  0.96446043],
 [-0.7625041 ,  0.35672608, -0.13312119,  0.73003185, -0.04158523, -0.14491999,  1.7876109 ,  0.11030615,  0.8508295 , -0.06595355, -1.0886853 , -0.8549069 ,  0.17783621, -0.10629786,  0.6694852 ,
  -0.4484827 , -0.99360704,  0.90211976,  0.49210694,  3.4178252 , -3.1960437 ,  0.7121902 , -0.7527484 ,  0.8367899 ,  1.0704488 , -1.627751  , -0.620923  , -0.00002572,  0.11771635,  0.72225255,
   0.26768103, -0.4103278 , -0.7656807 ,  0.29883957,  1.5654055 , -0.11211103, -2.2357242 , -0.15870172, -1.1681322 , -0.8486892 , -0.41530734,  0.2164068 , -1.3588351 , -0.24067695,  1.1003444 ,
  -0.15124251,  2.387288  , -0.32246366],
 [ 0.6306718 , -0.08828401,  0.14896357, -0.21191387, -0.15977857,  0.1099362 , -0.6189065 ,  0.7950644 , -0.7409314 , -0.02505652, -1.9968092 , -0.2616451 ,  0.57673067,  0.30064914, -0.08963446,
  -0.06964786, -0.06432319, -0.11873957,  0.49826983, -0.56362474, -0.01619301, -0.03224366,  0.57564294,  2.603061  ,  0.02350771, -0.2237627 ,  0.8753348 , -2.2516487 ,  0.8285225 , -0.7385219 ,
   0.15105073, -0.04581898, -0.22812007, -0.3676589 , -0.45740992,  0.05778059, -0.4127056 , -1.0523837 , -1.597682  , -0.15179169,  0.05479006,  0.6771721 , -0.20450607, -0.6229315 ,  0.31904927,
   0.33241186,  0.12791038, -3.8411245 ],
 [-0.06158155,  0.18055218, -1.3946346 ,  0.5269929 ,  0.14200923,  1.8465805 ,  0.5518148 , -0.34271175, -0.02140227,  1.272695  , -0.86635345,  0.75035244,  0.06445977,  0.7952851 , -0.21085371,
  -1.3465946 , -1.1431516 , -0.26921356,  2.1681242 , -0.95191973, -0.07598896,  2.8597493 , -0.6529892 , -3.2152073 ,  1.0727763 , -0.14715756, -0.38461003,  0.21562746,  0.41694704, -0.2007316 ,
  -0.4521139 ,  0.3617319 ,  0.6823171 , -1.6206758 , -0.24571498,  0.22213171, -0.5363581 , -0.6425399 ,  0.248457  , -1.0205326 ,  0.40432188,  0.8495071 ,  0.3051904 , -0.1991705 ,  0.70148546,
   0.27063087,  0.46660802,  0.8677912 ],
 [ 4.0850616 , -2.9119349 ,  0.5147414 , -0.24014844, -1.3870847 , -0.28163365, -0.6288829 , -1.4971026 , -0.33831558, -0.18769754, -0.56864715,  0.8844778 ,  0.30341902,  1.1064125 , -0.10362763,
   0.25914535, -0.08337948,  0.26819837, -0.3474873 , -1.3379265 ,  0.4235938 ,  2.1271718 , -1.2325276 ,  0.27051762, -0.19861174,  0.37173668, -0.83546454,  2.0273263 ,  0.3853933 , -0.32927933,
  -0.2945456 , -3.1441083 , -0.02855792, -3.9431472 ,  3.141596  , -0.38415283, -1.3215493 ,  0.85658574, -1.0182372 , -0.16382174,  0.5814138 ,  0.12151603,  1.0525738 , -1.5987015 ,  0.7019764 ,
   0.09825768, -0.6732195 , -0.48415554],
 [-0.3055973 ,  0.11934941, -0.6951356 ,  1.2534153 , -2.786793  ,  0.41692334, -0.6533411 ,  0.33939433, -1.4509941 , -1.0141736 ,  3.8051798 , -0.9659325 , -0.11076917,  0.3265176 , -1.0972944 ,
   0.14327376,  0.74562395, -0.10890067, -0.2282513 ,  0.8048481 ,  1.0141052 , -0.83455205,  0.9097657 ,  0.32144937, -0.2087335 ,  0.11831067, -0.9608379 ,  0.2662292 ,  0.7048609 , -0.29227647,
   0.2652494 , -0.09639022, -0.36874947, -0.39627555,  0.35134378,  0.35488993, -1.3644118 ,  0.88071644, -0.76123863, -0.535086  ,  0.8634192 , -0.78182006,  0.08376662, -2.7325115 ,  0.5229758 ,
  -1.0134243 , -1.1530215 ,  0.61459875],
 [ 0.03311075, -0.00359551, -0.34886754, -0.6390126 , -0.510015  ,  1.5074812 ,  0.8408321 , -0.6578378 ,  3.9590106 , -0.46327886, -0.91254115,  0.7231236 , -0.03025189, -0.3332871 , -0.7704137 ,
   1.4830744 ,  0.3214946 , -0.05705206, -0.10912365,  0.24272361, -0.1013752 , -0.6161373 , -0.17282759,  2.0730069 ,  0.02486863,  0.4418213 , -0.34336293, -0.7012647 , -0.8386445 , -1.7260326 ,
   3.8892074 , -0.01561764,  1.0478965 ,  2.5642076 , -0.04531245, -0.04769542,  0.21904182, -2.6999676 ,  0.6612631 , -0.42989522, -0.56419474,  0.2478474 ,  1.0777903 , -0.18720056, -0.36713898,
  -0.47210976, -3.3904312 , -0.14936447],
 [ 1.2444849 ,  1.7550486 , -0.6154612 , -0.6947031 , -0.32414302, -0.19241832,  0.5226357 ,  3.5364504 ,  0.09426083, -0.80291516,  0.55717987, -0.7046596 ,  4.0547442 , -1.2490889 , -3.6181054 ,
   0.20752266, -0.17193964,  0.13722034,  0.28679502,  1.5638323 , -2.707439  ,  0.06524767, -3.0146732 ,  0.81734526, -1.1023668 ,  0.5404195 ,  0.22259098, -0.51850057, -0.03635515, -0.06393601,
  -0.48452672, -0.0890302 ,  0.3476508 , -0.85751677, -0.21683158, -0.83876723,  0.6427583 , -1.1148331 , -0.07090884, -0.9168193 ,  3.6647706 , -2.3324666 , -0.14000656,  1.5951588 , -0.4833797 ,
   0.08953966, -0.04822678,  0.4476255 ],
 [ 1.1281707 ,  0.92339325,  0.12106187,  1.0296731 , -1.0947473 , -0.20170486, -0.74558556,  0.04362082,  0.14785685,  1.4212219 , -2.046327  , -0.24272056,  0.70393497,  0.13086985,  0.13502027,
   0.22773911, -0.10330794,  0.10204153,  0.61678493, -0.1775296 , -0.26788205,  0.9349231 ,  0.09420424,  0.21594048, -0.65061486,  1.3075708 ,  4.457296  , -0.04097526,  0.6759228 ,  0.18180525,
   1.4142339 , -0.18639372, -1.3805457 , -0.3947036 ,  0.8235477 , -0.15720384, -3.0590146 , -0.88882977,  1.1112471 , -0.46617717,  0.35276967,  0.3370897 ,  0.02403064,  0.24236104,  0.62202394,
  -0.897022  ,  0.11289525, -0.9980154 ],
 [ 3.6975589 ,  0.9973123 , -0.86401933, -0.01849016, -0.27133733,  1.8667687 ,  3.104356  , -1.6646755 , -0.26814795, -0.54291445,  0.2590116 , -0.01247317, -3.0098827 ,  0.21162952, -0.7892256 ,
  -0.35835567, -0.6436574 ,  0.44009835, -0.6511548 ,  0.28936356,  0.6042668 ,  0.38977167,  3.8216822 ,  1.0390595 ,  0.48957503, -0.04488861, -3.1849413 ,  0.31950283, -0.91878337,  0.85958856,
  -0.20367604,  0.11445871,  0.28753784, -0.24899061,  0.34752402,  0.3381832 ,  0.5217738 ,  0.20852324, -0.21315408,  0.9662444 , -0.7959047 ,  0.4315332 , -0.1386679 , -0.5236027 , -0.764267  ,
  -0.71677244, -0.43923825, -0.26035127],
 [-0.10013495,  0.56273085, -0.50917524,  3.4603853 , -0.2662622 , -0.21295024, -0.63551   ,  0.73309475, -0.2028123 , -0.90818274, -0.35800117, -0.14971697, -3.2380226 , -3.0190275 , -1.2065415 ,
   0.25896743,  0.35763896,  0.11480951,  3.6485438 , -0.4941013 , -0.59270114,  0.16016027,  0.8685571 ,  0.10646172,  1.5381942 ,  0.98842174,  0.02022525, -0.2436862 ,  0.04704916,  0.28869984,
   1.3795915 ,  0.13266137,  0.7477073 ,  0.53073287,  0.19744007,  0.7475288 ,  0.6124325 ,  0.24093577,  0.8482832 ,  0.9753164 , -1.0195001 , -0.55172217, -1.4819522 ,  1.4120183 , -0.59677684,
  -2.7744703 ,  2.855046  , -0.6677892 ],
 [-0.02921613, -0.5312289 , -1.2695022 ,  0.8518482 ,  0.88708764, -1.3906759 ,  0.614883  , -0.6245784 , -0.51949394, -0.7617193 , -2.5223289 ,  1.0249639 , -1.119059  , -0.12669809,  0.08242571,
   0.59625626, -0.28065   , -1.659181  ,  1.2515917 ,  0.43675172,  0.55512667, -0.32748985,  0.58418924, -0.23925363,  0.25641295, -0.65273774, -0.05822628,  1.094932  ,  0.05664117,  0.34712952,
  -1.1312484 , -3.7510161 , -0.50915337,  0.26820955, -0.4692887 ,  0.44967192, -2.869066  ,  1.5167551 ,  0.9225207 , -0.55005574,  0.2587821 ,  0.30914986,  0.0214427 ,  0.6823304 ,  0.767702  ,
   0.6329865 , -0.3696719 , -0.0980175 ],
 [ 0.37486988, -0.728346  , -0.13699128, -0.9055749 , -0.6624272 ,  0.11906692,  1.9407175 , -0.5594599 ,  0.03911062,  1.2089076 , -0.7618708 , -0.19378334,  0.41228053, -1.1552379 , -0.39333546,
   0.76947016,  0.5544269 ,  3.0649097 ,  0.40001678,  0.7620471 ,  0.13048564,  1.5318583 ,  0.06507377,  0.27886122,  1.3489816 , -0.2020689 ,  1.21734   , -0.23482497,  0.51500577, -0.66049755,
   0.15045834,  0.32935768,  0.06836576, -0.47144184,  0.41393256,  0.17160243,  2.8208504 , -1.0718569 ,  1.1428936 ,  0.43354303, -0.07192195, -0.6971611 , -0.11496636, -0.7077633 ,  0.01689072,
  -0.39686978,  1.5231552 ,  3.2879362 ],
 [ 0.3140783 , -0.33633584, -0.27696335, -4.5167794 ,  1.3482759 , -4.446012  , -0.6609154 ,  0.93753403,  0.19644427,  0.26209554,  0.44621313, -0.15331452,  0.10884532,  0.35303065,  0.7728606 ,
   0.41703203, -0.0884859 , -0.82453734,  0.01499618, -1.1063433 , -0.08155436,  1.5084496 , -0.7717885 , -1.1890161 , -3.5800006 , -0.31478772, -1.1714863 , -0.34800953, -0.4025148 , -0.45619008,
   1.2816414 , -0.09185547,  0.33101267, -0.18068194,  1.0666223 , -0.56323737,  0.8700376 ,  0.42830846, -0.44593707, -1.0449198 ,  1.237306  , -0.62081134, -0.19344282, -0.03802781,  0.93841505,
  -0.27009794,  1.0819997 ,  0.4329638 ],
 [-0.92084193, -0.82751983, -0.6726877 ,  0.4031634 ,  0.4127528 ,  0.8880475 , -0.23331448, -0.3449936 ,  0.19745897,  0.11741267,  0.05277803, -0.31896275, -0.33013183,  2.772663  , -0.25185165,
   0.13363922, -1.0457888 ,  0.1381381 ,  0.79740673, -0.03990442,  0.26282215, -0.6670854 , -0.2881498 ,  3.1838999 ,  0.1101824 , -0.10009231, -0.5081246 , -1.0090331 ,  0.69430274, -4.0323195 ,
   2.5302434 , -0.3643962 ,  2.7586262 , -0.12847799,  0.9155679 , -0.60571945,  0.10768732,  3.1354887 ,  0.91833514,  0.6983167 , -0.15466964,  1.0249801 , -0.24124742,  1.3479644 ,  2.2207215 ,
   0.5614644 ,  0.61448747, -0.30272245],
 [ 0.78398305, -0.4801371 ,  0.90189195,  0.34760708,  0.9588503 , -0.49983528,  0.01514823,  0.5534316 ,  1.2413287 ,  0.78128934,  0.111818  , -0.06357434,  0.37777084, -0.28880614, -0.2539323 ,
  -0.00974689,  3.3759723 ,  3.1878636 ,  0.80969995, -3.1521745 ,  1.3406082 ,  0.62385225, -0.00549971,  2.2822366 ,  0.3128301 ,  0.833778  , -1.3679307 ,  1.3569425 ,  0.33929998,  3.5637405 ,
   1.0027764 ,  2.736259  , -0.22767867, -0.5526401 ,  1.0484881 ,  0.18173993, -0.07581455, -0.3482023 , -0.25747365,  0.51841974,  1.3129002 ,  0.8138933 , -0.09187169,  0.75903547,  1.3337079 ,
  -3.0488522 ,  0.4947106 ,  1.5928868 ],
 [-2.6451917 , -0.14434229,  0.6082309 ,  0.3915875 , -0.91949487,  0.01913775,  0.2018297 , -0.14604764,  3.2171648 , -0.7324276 , -0.23883629, -0.17633894, -3.7183821 ,  0.6446271 ,  0.16431332,
   0.01389657,  1.6445616 ,  0.06087038,  0.19444188,  0.06185924, -0.1754487 , -0.11884823, -0.00479091, -0.90482295, -0.0232354 , -3.5473902 ,  0.23590647, -1.6059536 , -0.29015803, -0.7311935 ,
   1.5300821 , -0.00848747,  0.10140383, -0.11226127, -0.44713295, -1.1755681 ,  0.8331267 , -0.2901407 ,  0.28343245,  2.920884  , -0.17711222,  0.14379609, -0.8597206 , -0.2736196 , -1.5900487 ,
  -0.24549626, -0.3051074 ,  0.21122715],
 [ 0.8593999 , -0.09334043,  0.26384443, -1.5033646 ,  0.65819097, -0.5572321 , -0.57247394, -1.0694823 ,  2.7287142 , -1.6823452 ,  1.1727874 , -0.6477058 ,  0.5118936 , -0.28019437,  0.67232424,
  -0.11520712,  2.0142107 ,  0.37700754, -0.12692904,  1.1086861 ,  0.9380491 , -0.37232906, -1.611198  ,  1.1922997 , -2.3738403 ,  0.37220195,  0.46475798, -0.9598773 , -0.30402243,  1.9537773 ,
  -1.0485492 , -0.22036569,  0.96509737,  0.5372443 , -0.2684426 ,  1.3026217 ,  0.42861766, -0.1501649 , -0.33944446, -0.01302851, -0.14698988,  0.14772388, -0.4614908 , -0.8181778 , -0.44392407,
  -1.4418108 , -0.25705865, -0.12633364],
 [ 0.11036864,  1.0645953 , -0.16658217, -0.07350894,  0.09842635,  0.451631  , -1.6843112 , -0.01563377, -0.2726585 ,  0.50489634,  0.3243197 , -0.03631116, -0.7663379 ,  0.0566073 , -0.6032254 ,
   0.8937257 ,  0.43923163,  0.7318568 ,  0.4257248 , -4.7573986 ,  1.4956081 ,  0.95005333,  0.69282687, -0.8374098 ,  0.25752306,  0.3570712 , -0.05513056,  0.8807876 ,  2.8820078 ,  0.17019758,
  -0.5596549 ,  0.8052118 ,  0.27807316,  0.06991109, -0.06082242,  0.13968161,  0.79033816, -0.3257157 ,  1.0989803 ,  0.5054495 ,  0.6278054 , -0.24946092,  0.5901134 ,  0.0656025 ,  0.28448716,
  -0.6012507 ,  3.9065697 , -0.00828418]]

  Параметр #2, форма: (48,)
  Значения: [-0.3895908 ,  0.07005289,  0.27187386, -0.38748747, -0.34436125, -0.4081775 , -0.23407692, -0.03068738,  0.7890752 , -0.6074964 ,  1.0505047 , -0.7402907 ,  0.57278526, -0.28547758, -0.5465749 ,
  0.7901279 ,  0.04905165,  0.02609216, -0.16624554, -0.34887755, -0.10610752, -1.9361398 , -1.1122147 ,  0.23539093,  0.70966643,  0.81813395, -0.5741991 ,  0.11569293, -1.3160851 , -0.21083368,
  0.49421534, -0.01049841, -0.19904867, -0.00797337,  0.7697085 , -0.14682099,  0.04358653,  0.91163677, -0.13699314, -0.9819139 ,  0.8210448 ,  0.6093569 , -1.3299993 , -0.07811111, -0.01329761,
  0.8211905 , -0.00862901,  0.0995509 ]

--------------------------------------------------------------------------------
Слой: dense_hidden_layer_2 (Dense)
  Параметр #1, форма: (48, 32)
  Значения: [[-1.8166566 , -0.5014221 ,  2.3482687 ,  0.6534493 ,  2.322178  , -0.4171855 ,  0.38746822, -0.0342752 , -0.2612834 , -1.5113468 , -1.1351453 ,  1.2608722 ,  0.29242614, -0.9418379 ,  2.496463  ,
   0.03553762,  0.14597793, -0.910048  ,  2.1972432 , -0.08167195,  3.23494   ,  0.2676207 ,  0.8532509 , -2.127935  , -0.21150456,  0.11399852, -1.0088476 , -0.22842059, -0.46785116,  0.4507079 ,
   0.6559651 , -0.64454186],
 [-0.7246202 ,  0.03240865,  1.2622395 ,  1.5747137 , -0.77300143,  0.3186462 , -0.35826215,  0.06728151, -0.24716595, -0.8894303 ,  0.22732224, -0.00524084, -0.1153317 ,  0.84792477,  0.60370666,
  -0.55568564,  0.5563179 ,  0.2532846 ,  0.75765055, -0.18358582, -0.0758981 ,  0.75483537,  0.20591773, -0.8602391 ,  0.5440992 ,  0.17837   , -0.761689  , -1.16097   , -0.0554444 ,  2.1037421 ,
   0.39625084, -0.50461227],
 [ 0.0827199 ,  0.6286619 , -0.22560324,  1.0112836 ,  0.3742817 , -1.1701518 ,  0.23373382, -0.15932265, -0.3136236 ,  1.0554028 , -0.17567846,  0.42942306, -2.2432816 ,  0.3078072 ,  0.752669  ,
   1.0596378 ,  2.0109766 ,  0.06955887,  2.6318688 ,  0.33917332,  1.930537  , -0.05729316, -0.8665409 , -0.41056126,  0.12808542, -0.43157437, -1.9157033 ,  0.26122278, -0.07549153,  0.0552269 ,
   0.02702882, -2.9062922 ],
 [-1.2962224 , -2.2630908 ,  0.01517499,  0.31481302, -0.78347236,  0.35653266, -0.63213587,  0.24109   ,  0.58704054,  0.43897483,  0.01631187, -0.8557942 , -0.41119713, -0.41515678,  0.14354862,
   2.7592    , -0.0938568 , -0.07238326,  0.2766833 ,  0.2058838 ,  1.0596045 , -0.1094254 ,  2.02846   ,  0.60358196, -0.59239346, -0.7108488 ,  0.4003363 , -0.08266541, -0.17691197, -0.01791349,
   0.44333845,  0.9286343 ],
 [ 0.00618782,  0.18370202, -1.0600393 ,  0.16842863, -0.07094486,  0.53992987, -0.1692072 , -0.23685089,  0.6753713 , -0.78088385,  0.10010416,  0.12985651, -0.38492158, -0.38702002,  0.19209655,
   0.05739541, -1.0957525 , -2.085431  , -0.5805081 ,  0.43568698, -2.6538994 ,  1.3007476 , -0.35340425,  0.74783605,  0.3505804 , -0.55008817, -0.05851367,  3.1611922 ,  1.5385427 , -0.18626179,
  -0.22588572,  0.32651645],
 [ 0.31656754, -0.39321566, -0.3040993 , -0.22089763, -0.08482388, -0.21998116, -0.40615892, -0.30903032, -0.30222327, -0.00758436,  0.31781027,  1.016517  ,  1.0147866 , -0.42400375,  0.6177651 ,
  -0.04460324,  2.0891447 , -0.36026523, -0.580252  , -0.64866495,  2.463268  ,  0.1857216 , -1.0417796 ,  0.12640435,  0.22832024,  0.470647  , -0.47930494,  0.07684329, -0.22212905,  1.0857892 ,
   0.07337771, -0.12529813],
 [-0.44220683, -0.9276133 ,  1.0186566 ,  0.49275225,  0.10602198,  0.22859487, -0.69984627,  0.01878425, -0.5982841 , -2.2985988 ,  0.33741933, -0.02375241,  0.04141214,  0.03467643, -2.788453  ,
   0.08498403, -0.33764994, -0.19862361, -0.72019744,  0.02617753, -0.23361064,  0.39575237, -0.34499273,  0.12142591,  0.20888439,  1.7929951 , -0.48984143,  1.9441973 ,  0.79057294,  0.13491552,
   0.19529441, -0.05708117],
 [-0.508073  ,  0.16643356,  0.35898113, -0.69570935, -0.44283393, -0.40177453,  0.30038816, -0.4540623 , -0.502664  ,  0.03727236,  0.45091525,  0.05722878,  0.45396134, -0.5940506 , -0.01709074,
  -0.59171844, -0.7492878 ,  0.7790246 , -0.6402737 , -0.32360238,  0.26019806, -0.06191451,  0.8552272 ,  1.0732207 , -0.2066256 ,  0.716805  , -1.7861323 , -1.6074027 , -0.47294444, -0.56323427,
  -0.36152554, -0.35125566],
 [-0.17718664, -0.0394921 , -0.5056811 ,  0.61398697,  0.38710555, -0.5307617 , -0.938129  , -0.37215433,  2.9148989 ,  0.16743453,  2.1632962 , -0.47755757, -0.67507184,  0.8429907 , -0.46700752,
  -0.2663498 , -2.6925938 ,  0.48531827,  2.5249367 , -0.50515336, -1.4623604 ,  0.1857866 , -0.5885521 ,  0.9584337 ,  0.4685248 , -1.3178905 , -0.13459389,  0.45106897,  0.5049702 ,  0.1624819 ,
  -0.23004662,  0.6491008 ],
 [ 0.40042958,  0.18461004,  0.13675661, -0.46036938, -2.272741  , -0.80580187, -0.803868  ,  0.5009663 , -0.39707857, -0.1710272 ,  0.5244845 ,  0.5615951 ,  0.5540262 ,  0.24174815, -0.42155764,
  -0.41508135, -1.1598096 ,  0.0857578 ,  0.8260802 ,  0.07181527, -0.43925425, -0.4824039 , -0.17280638, -0.20333782,  0.84564227, -0.39564377, -1.730215  , -0.10936716,  0.13515054, -1.5814928 ,
   0.6308384 ,  0.9974637 ],
 [ 0.02235809,  0.20891449, -1.1109546 ,  0.18859835, -0.07578131,  0.4524729 , -0.33327305,  0.25054774, -0.14430752, -0.18026635, -2.1158884 , -1.7130307 , -0.79386586, -0.09361196,  0.16257042,
  -0.7030776 , -0.38374114,  0.68990225,  1.5427531 , -0.6712577 ,  0.4707232 ,  0.35759392,  0.12581259, -1.8824263 ,  0.6311402 ,  0.63798547,  0.7332938 ,  0.31273234,  0.00630889, -0.08835704,
  -0.22521707, -1.4849896 ],
 [ 0.15057284, -0.40276688,  0.3083868 ,  0.4808857 , -0.9652294 ,  0.03387856, -0.36330613, -0.7092446 , -0.8796957 , -0.17375894,  0.10341712, -0.4932954 , -0.17692329,  0.07564301, -0.04949996,
   2.1985261 ,  1.256229  , -0.28355214,  0.29629597, -0.32390893, -0.03594988, -1.1386157 , -0.08198193, -0.4181979 , -0.2995706 ,  0.55797434,  1.022113  ,  0.5945859 , -0.50925756, -0.5322663 ,
   0.609633  , -0.12541561],
 [-2.6353176 ,  1.0269299 ,  0.38214093,  0.37865585, -0.32700872, -0.2653834 ,  0.3096268 , -0.5808899 ,  2.1884205 , -0.39203504, -0.32330456, -0.24675372, -0.68161005, -0.35426006,  0.0902138 ,
  -0.10785823,  1.4381411 , -1.0566561 , -0.11253261,  0.20619778,  0.13945256,  0.6642255 , -0.17816646, -0.11776164, -0.28890854,  0.10741574,  0.16818097,  0.33600286,  2.5893433 ,  0.45788968,
   0.20269084, -0.4808518 ],
 [ 0.05178135, -2.3406136 , -1.7246404 , -1.0771563 ,  0.20916608,  0.1767654 ,  0.88138527, -3.2078292 ,  0.10782673,  0.07011683, -0.0328868 , -0.4065396 ,  0.9217614 , -0.42226   , -0.40243593,
   0.51846325,  1.0565661 , -1.3435752 ,  0.44251183,  0.57621574, -0.59082854,  0.7112857 ,  2.1559114 ,  1.8678367 , -2.4938772 , -0.27051538,  0.4771284 ,  0.82897913, -0.26187545,  0.15266846,
  -2.6728284 ,  0.8472722 ],
 [ 0.03743053,  0.32709017,  0.05283935,  0.11131401, -0.46348673, -0.18562026,  0.07160194, -0.31343684, -0.86989886, -0.6079389 ,  0.5608575 , -0.00163741,  0.9346825 , -0.07427739, -1.3174967 ,
   1.3457263 , -0.72317684,  0.27384982,  0.20835009, -0.6867561 , -0.5044645 ,  0.3600832 ,  0.6538951 ,  0.09646221,  0.35525763,  0.19853686,  0.4027661 ,  0.00683217, -0.22446692,  0.5738219 ,
  -0.6563538 , -0.6853707 ],
 [ 0.2538812 ,  3.0286536 , -0.17814241,  0.1163138 , -1.3056386 , -1.3865527 , -0.41243488, -0.07558611, -0.8471055 , -0.72400063,  0.01899833, -0.10449989,  0.5665738 , -2.1506686 ,  0.16110115,
  -0.5470209 , -0.5977752 ,  0.40476352, -0.84263825,  1.5596727 , -0.1044547 ,  0.17950839, -0.93289685, -0.45724913, -1.1125607 , -0.5165249 ,  0.74857825,  0.09217144, -0.2461399 , -0.58219624,
  -0.8378196 , -0.11082102],
 [ 0.10713969, -0.5824273 ,  0.23505251, -0.9305959 , -0.4376211 , -0.28486317, -0.3163939 , -1.6891385 , -0.5172809 , -0.02304199, -0.28179553,  0.54019874,  0.32450444,  0.41156027,  0.00270969,
   0.8439767 ,  1.1559718 , -1.4781451 , -0.6934826 , -0.9055205 , -0.66226476,  0.51366055,  0.9948959 , -2.958476  , -0.3835962 , -2.6532326 , -0.23836963,  0.32150012, -0.23153384,  0.13258748,
  -0.08452539, -0.09152552],
 [ 0.22007291,  0.20549102,  1.1461682 , -0.08869159, -0.33147407,  0.22422595,  0.5700242 , -0.6539002 , -0.27314058,  0.07194296,  0.76642996, -0.7336168 ,  0.17471215,  0.12259236, -0.6371074 ,
  -0.03692897, -2.684666  ,  0.09528395, -0.4734807 ,  2.9354115 ,  0.21475667,  0.95031697, -0.6932288 , -0.9660554 ,  0.7061659 , -0.36353472,  0.4819605 ,  0.72642565, -0.36674592,  1.319205  ,
   0.00397829,  0.87208515],
 [-0.3892327 ,  0.12906723,  0.3355337 ,  0.511669  ,  0.45552626, -2.1253006 , -0.8391157 , -0.47096747, -0.3047288 ,  0.2818665 , -0.11331133, -1.2226806 ,  0.00316645, -0.21499783, -0.13036878,
  -0.9706522 ,  0.15675466, -0.2490388 , -0.06006093,  0.39301905, -0.8571024 ,  0.7707861 ,  0.19165426,  2.471697  ,  0.49543688,  0.7230785 , -1.1191242 ,  2.658424  , -0.08193506, -0.43666428,
  -0.30125636, -0.8188502 ],
 [-2.3771245 ,  0.08458199,  0.5143947 , -0.04807267,  0.7591936 ,  0.38175976,  0.24458812, -0.01520906,  0.52945966, -0.48255467, -0.28061202, -1.0725598 ,  0.08971463,  2.9678993 ,  0.2463167 ,
   0.46255907,  0.59587294,  0.4780608 ,  0.12257475,  0.25039145, -2.2382607 , -0.12386327, -0.20377097, -1.1128197 ,  0.23094602,  0.05890771,  0.06328852, -0.04149377, -0.38170955, -0.01817846,
   0.08293267,  0.96403867],
 [ 2.9027295 , -1.2859501 ,  0.5791396 ,  0.7214221 ,  0.35762447, -0.29137027,  0.945964  , -0.20871545,  0.3661855 , -2.8275938 , -0.4518592 ,  0.26271504,  0.34804732, -1.0606294 , -0.2311395 ,
   0.66742533, -0.29422367, -1.213333  , -0.25610203, -0.02886827, -0.30375087,  0.05767794, -0.7773998 , -2.4883392 ,  2.5914378 ,  0.34841   ,  0.16296628, -1.6821258 ,  0.2554183 ,  0.3856046 ,
  -0.10505356,  0.99731666],
 [-0.23474152, -0.02227035, -0.9889102 , -0.22825746,  1.1405538 , -0.40624803, -0.05998102, -0.5453007 , -0.32404295,  0.29196835, -0.2848943 ,  0.73872924, -0.38839114,  2.0837464 ,  0.24785863,
  -0.30891892,  1.3720164 ,  0.17164293, -0.9566506 , -0.4123649 , -1.1899381 ,  3.017988  ,  0.29051235, -0.26627627, -0.32898223,  0.63103867,  1.11351   ,  0.34652168, -0.33610693,  0.4468733 ,
   0.24318369, -0.16800608],
 [-0.6340998 ,  0.15651682, -0.08258463,  0.08211599,  0.3562091 , -0.48604336, -0.5382532 ,  0.73780584,  0.7001136 , -0.761383  , -0.48701185,  0.5783883 ,  0.42027292,  0.05671283, -1.7967638 ,
  -0.36737543,  0.2479824 ,  1.0847021 ,  1.2569581 , -0.44606078,  0.4487073 , -0.54997736,  0.40104088, -0.9417547 ,  0.5293846 ,  0.23614582, -1.269644  ,  0.18932661, -0.13651563,  0.98959416,
   0.45338294, -2.3250315 ],
 [ 0.467705  , -0.31033817, -0.2584266 ,  0.556093  ,  0.30845046, -0.59206903, -0.9083697 ,  0.06789012, -0.6347436 ,  0.27627915, -0.0390506 , -0.38722026, -0.8380838 ,  0.05310967, -0.09883028,
   0.12648134,  0.38729718,  0.34465748,  0.05680126,  0.5183063 , -0.33352414, -0.8700322 ,  1.3046312 ,  0.21315296,  0.57514733, -2.4548044 , -0.48650655, -1.0060104 ,  1.2320101 , -0.8847417 ,
   0.2694146 ,  0.16418281],
 [-0.0228924 ,  0.04117335, -0.8857755 , -0.4727561 ,  0.15963419, -0.0991492 ,  0.33245447, -0.15421274, -1.0261412 ,  0.13703091,  0.0707413 ,  0.59198   , -0.01118866, -0.0407012 , -0.2906217 ,
   0.65881145, -0.10048083,  1.0059851 ,  0.14871185, -0.00281477, -0.44132614, -0.07770021, -2.0943408 , -0.18421085,  0.19346996, -0.00501345,  0.36035395, -0.22149651, -0.6536291 ,  1.2283292 ,
  -0.50747603,  0.02201594],
 [-0.02794958, -0.50737154, -2.0769355 , -0.6960774 ,  0.30937237, -1.620213  ,  0.17842185, -0.06191117, -0.08847115, -0.73019886, -0.23940188, -0.60598224, -2.3969436 ,  0.2057206 , -0.44187784,
   0.31394717,  0.4842995 ,  0.21442387, -0.67065054, -0.2852979 , -0.1327998 ,  0.5738824 ,  0.5671693 , -0.01151889,  0.20290342,  1.4444193 ,  0.73532325, -0.5892136 , -1.121244  , -0.2618563 ,
   0.06235272,  0.448364  ],
 [-0.46467757,  0.87162334,  0.18873164,  0.20419328,  0.26289046,  0.33467102, -0.52101403, -0.00879451, -0.09157415, -0.00289411,  2.9571543 , -0.1171384 ,  0.08084384,  0.24217784,  0.4351249 ,
   0.01813288,  0.81974095, -0.15429655, -0.11811386,  0.07276022,  0.06580662,  0.9568992 ,  0.6692687 ,  0.3247964 , -0.49406   , -0.06021364,  0.57323647, -0.9182294 , -0.83388025,  0.10699449,
   0.24084564, -0.21647136],
 [ 0.49319953, -0.26702756, -0.2148658 ,  2.201541  ,  1.016317  , -0.23640054,  0.19670725, -0.2838403 ,  0.17380083,  0.05247191, -0.75400263, -1.141665  , -0.38803405, -0.0393571 , -0.3047624 ,
  -0.43762884, -0.574576  , -1.0659006 , -0.41866156,  0.08692802, -1.1060692 , -0.21522468,  0.59285223,  0.3562248 ,  0.36433932, -0.8473263 ,  0.5081505 ,  0.24525099,  0.20095623, -0.38658255,
  -0.09372953,  0.07645803],
 [ 0.1285619 , -0.8068454 ,  0.06518196,  0.22566728, -0.956185  ,  0.5190498 ,  1.0638038 , -1.3166937 , -0.94264716, -0.68005896,  3.125523  , -1.3970666 ,  0.2586599 ,  0.6363562 , -0.08686323,
   2.0634363 , -1.0784426 , -0.11865325,  0.06689678, -0.41737348, -0.30515093, -0.15114586,  0.82327574, -0.21387541, -0.72599834, -0.75999826, -0.06032691,  0.25243458, -0.45433575, -0.45907998,
  -0.3355293 , -0.2956707 ],
 [ 0.28913754, -0.26457897, -0.20394419,  0.04519311,  0.2729827 , -0.01805486, -0.49051803, -0.08561333, -0.18943265,  0.25398767, -0.48931736, -0.5382706 ,  0.75211453, -0.6653096 , -2.8596334 ,
  -0.9648542 , -0.58072305, -0.3241037 , -1.3001993 , -0.4226586 ,  0.7365509 ,  0.06068368, -0.64485806, -0.19272208,  0.2238042 ,  0.57661444, -0.6147821 ,  0.3075117 , -0.28170145, -0.7741987 ,
   0.10065352,  0.23489079],
 [-2.0532131 ,  1.479743  ,  2.8636732 ,  1.2208456 , -0.2767909 , -0.4114816 , -0.45451042,  0.08733846,  0.23311107, -0.6781442 , -1.2614676 , -0.99045   , -0.40005252,  0.30080104,  0.17226209,
  -0.53704953,  0.05294149,  0.4438595 ,  0.16277817,  1.54243   , -0.9252775 , -0.10355911,  0.13999236, -0.00494027, -0.02132603, -0.27352637, -0.20782505, -0.34804907,  1.6111004 , -0.42863163,
   0.7486023 , -0.45890802],
 [-2.5359795 ,  0.36202264,  2.7839592 ,  0.5594429 ,  0.9001038 ,  0.0817459 ,  2.0509567 ,  0.37122047, -0.70928717,  0.44805133, -0.41103226,  0.6344702 ,  0.09603601, -0.13885136,  0.5676433 ,
  -0.635008  ,  0.71330976,  0.00812993,  1.3499845 ,  0.60302705, -1.1266333 ,  0.7596512 ,  1.1389536 , -0.12702744, -1.0395598 , -0.47574133, -0.68804866,  0.39584145, -2.11666   ,  1.0481417 ,
   2.047061  , -0.44324702],
 [ 0.4426553 , -0.02540422, -0.3408406 ,  0.0759432 ,  0.37368104, -1.1517383 ,  0.46807268,  2.0340729 ,  0.24556753,  0.65189165,  0.40642336, -0.41696963,  0.36945465, -0.00649768,  0.31634542,
   0.11731774,  0.324298  ,  0.01417764,  0.16473235,  0.69200385, -2.375973  ,  0.30200294, -0.13055223, -2.1295314 , -0.04922764, -0.47160053, -1.6582776 , -2.5654848 , -0.21811922,  0.0653971 ,
   1.1937344 ,  0.77514416],
 [ 0.3965445 ,  1.0583991 ,  0.3698221 ,  0.817429  , -2.6571512 ,  0.5367409 , -0.6221953 , -0.27041999,  0.6591682 ,  0.9964346 , -1.8824892 , -0.5486128 ,  0.7305615 ,  0.1761637 ,  0.01811628,
  -0.0402538 ,  0.20118944, -0.5793339 , -0.15307738,  0.49761406,  0.11485842, -0.42685562, -1.6332104 , -0.27002788, -0.02926167, -0.09128166, -0.60415554, -0.2754652 ,  1.4887575 , -0.12034333,
   0.21559834,  0.23608257],
 [ 0.01425703,  0.073177  ,  0.09689437,  0.08199278, -0.6934835 , -0.00980976,  0.25308397,  0.18419965,  0.67773443, -0.45416066, -0.18244664,  0.3843594 , -0.44957536,  3.0833147 ,  0.09308263,
   0.02831544,  0.33230585,  3.4812744 , -0.04717599,  0.51887095, -0.03660306, -0.15525845,  2.2492738 , -0.80031765, -1.3421831 , -0.21532635,  0.5041909 ,  0.23659587,  0.42348397,  0.13742295,
  -0.37032697,  0.18316583],
 [-0.9920922 , -0.599259  , -1.8846242 ,  0.19312039,  0.28085163, -0.14682288,  0.6650841 , -0.49033302, -0.1552794 , -0.13668314,  0.3364124 , -0.2599684 , -0.10692685,  0.49224856, -0.4168947 ,
   0.05628119,  1.2490718 , -0.69322944, -0.99172944,  0.1537285 , -0.6624114 ,  1.2765069 ,  0.37496728,  0.3220498 ,  2.4315221 ,  0.11973863,  0.00011964,  0.6454695 ,  0.33597934,  0.6817938 ,
   0.13253874, -0.21481164],
 [-0.37553552,  0.544346  , -0.31852907, -1.9563106 , -2.4922664 , -0.08081751,  0.2656374 , -1.2257817 , -0.45424485, -0.84386146,  2.669243  , -0.32067695, -0.20177768,  2.4432352 , -2.3801334 ,
  -0.22136773, -0.6446936 ,  1.6328031 , -0.23626089,  0.8476094 ,  1.1379396 ,  2.5104506 , -1.6936871 ,  0.9634475 , -0.08435871, -1.6121011 , -0.37260333, -0.2783053 , -0.1486672 ,  0.33172068,
  -2.1195066 , -0.9359691 ],
 [ 0.0137315 , -0.25250223, -0.48708376, -0.77390313, -2.4106238 , -0.24273703,  0.37680155,  0.15519829, -0.18333077,  0.33800238, -0.20529574, -0.10986245, -0.12848379,  1.1575834 , -0.7563753 ,
   0.7946296 ,  0.10324524, -0.03014991,  0.34905747, -0.95600486,  1.0576582 , -0.59741884, -0.09567344, -0.0708289 , -0.82038623, -0.05378934, -0.07348479,  0.19382524, -0.8698211 ,  0.08507047,
   0.07889702,  0.01808065],
 [-0.42725554, -0.11878549,  0.14421014, -0.07787019, -0.65106374, -1.3422364 ,  0.09927952, -0.47643322, -0.4679326 , -0.19651003,  0.28007448,  0.19887671, -0.1742397 ,  0.68313545,  1.2332829 ,
  -0.12081025, -0.5824039 , -0.20720284, -0.7013834 , -0.40021157,  0.580179  ,  0.65134895,  0.15567344,  0.20495692, -0.7926071 ,  0.95371634,  0.43353754,  2.9503713 ,  0.01471373,  0.10467772,
   0.34270307, -0.15902697],
 [-2.0217192 , -0.13324098,  0.2465581 ,  0.5377815 ,  0.11174465,  0.84901214, -0.25204834, -0.02265893, -0.2104496 ,  0.49179387,  0.25085774, -0.5281701 , -0.3596889 ,  0.22408614, -0.23091039,
  -2.412086  , -0.2707719 ,  0.6023978 , -0.7422729 ,  0.3155586 ,  0.63312775,  0.5281453 ,  1.6166896 ,  0.2835715 , -0.6730075 , -0.07556903, -0.02750382,  0.94422114,  0.3391146 , -0.33842874,
   0.06955758, -0.01994736],
 [ 0.8188049 ,  0.12920499,  1.2300459 , -1.0088385 ,  0.61862135, -2.8190315 ,  0.20121862, -3.0927496 , -0.13800193,  1.2339588 , -1.0008183 ,  0.47718477,  0.23634943,  1.4443045 , -0.33886832,
  -2.4749558 , -0.28073516,  2.924203  , -0.02327752,  0.50662374, -0.12078876, -0.49797606, -0.5318924 ,  0.17425103,  0.36131865,  1.2430835 , -0.18585415,  0.9121362 ,  1.1877328 , -0.19168523,
   0.6626084 ,  0.549348  ],
 [ 0.07968186,  0.27593753, -0.47235033, -0.45311555,  0.7679406 , -0.97774214, -0.967406  ,  0.42381173, -0.14263009, -0.590884  , -0.18250765,  0.515028  ,  0.31664208,  0.49885723, -0.67367107,
   2.7097018 , -0.32293603, -0.1921099 ,  0.46968076,  0.22630431,  0.25577366,  0.21248266,  0.93576044,  0.64545864, -0.24133262,  0.05090058,  0.57193404, -0.5316136 ,  0.06715915, -0.24699329,
  -0.47996444,  1.041482  ],
 [ 0.4303999 ,  0.42205864,  1.3083394 , -0.79526   , -0.10023727,  0.930014  , -0.5612952 ,  0.03369857,  0.15171628,  0.11993991, -0.141343  ,  0.24414352, -0.38624108,  0.8371715 ,  0.6912631 ,
  -0.01393157,  0.569465  ,  0.56999886,  0.42464918, -0.53281915, -0.30562595,  0.23664954, -0.9479852 , -0.34127274,  0.06488753,  0.03916495,  0.09903267, -0.47783923,  0.02179685, -0.66664314,
  -0.1666037 , -0.97431964],
 [-0.4262116 , -1.7180276 , -1.9337307 ,  0.33479583,  0.3494965 ,  0.78404427,  0.7610765 , -0.27098918,  0.3065037 ,  0.79351395, -0.32579774, -0.8902863 ,  0.01681451, -2.2281914 ,  0.15460898,
   0.29984087, -0.6328839 , -0.76401633, -0.19045629,  0.23425153, -0.2941724 , -2.1344526 , -0.69780207,  0.4254489 , -0.47865948, -0.21117401,  0.0327701 , -1.620961  , -0.955049  ,  0.37501597,
  -0.8799534 ,  2.7530217 ],
 [ 0.35979587, -0.737484  ,  0.23708548,  1.0554701 , -1.0718153 , -0.6577256 , -0.404219  , -0.34875593, -0.96331036,  0.01394315, -0.15219298,  1.9068426 ,  0.03972474, -0.10658929,  0.38447982,
  -0.91938937, -0.00384497, -0.3997093 ,  0.5919949 ,  0.06335764,  1.8732548 , -0.5689085 , -0.29712847,  0.8258073 ,  0.66165185,  0.28298917,  0.24389246,  0.4495725 ,  0.40830475, -2.3484063 ,
  -0.16697836, -0.1102934 ],
 [ 0.30520993, -0.41743886,  1.4409423 , -2.224834  , -0.30546445, -1.1162329 , -0.41196996,  0.17507817,  0.63329935,  0.48224863, -0.0356018 ,  0.48549807,  0.53090465,  0.30204248, -0.17233771,
   0.97582376, -0.49252838,  0.29991853, -0.63257754, -0.05567295, -2.0300725 ,  0.47047886, -2.2714055 ,  0.25118554,  0.2275029 ,  0.01215452, -0.46357304, -0.5382596 , -0.04131394,  1.2233515 ,
  -0.2127432 ,  0.22178537],
 [ 0.40679663, -0.39515737,  0.2840154 ,  1.6681699 , -0.10459464,  0.4766883 , -0.7126617 ,  0.5207113 ,  2.2668989 , -0.7550615 , -0.0176221 , -0.37766144, -0.06624225, -0.39377087, -0.24429995,
   0.5059685 ,  0.19046322, -0.6336581 ,  2.1451027 ,  3.0829947 , -0.2992377 ,  0.32546285,  0.30130535,  0.3851993 ,  0.18937513, -0.16859357, -0.41088143,  0.4208979 ,  0.57719153, -0.8513808 ,
  -0.9995338 , -0.62226087],
 [-0.37390783,  1.1121236 ,  0.04944265, -0.3102823 , -0.23563428,  0.05280999,  0.07830965,  0.29267782,  0.663312  ,  2.945318  ,  0.8214919 , -0.7216764 , -0.44033995,  0.12135636, -0.11625047,
   0.77300197, -0.65619886, -0.31387296,  0.1298488 , -0.15871423, -0.4563037 , -0.08323073, -0.3498105 , -0.11994626,  0.41914845, -0.3220883 , -1.1072452 ,  0.5169707 , -0.21275052,  0.09932256,
  -0.87167346, -0.14743511]]

  Параметр #2, форма: (32,)
  Значения: [ 0.6257897 , -0.228117  , -0.8058925 ,  0.07848431, -0.22871542, -0.65031683,  0.14883445, -0.10655688,  0.1532561 , -0.4472221 ,  0.24335526, -0.6585491 , -0.4138657 , -0.12145711,  0.8709092 ,
  0.3924127 ,  0.5385963 ,  0.70853853,  1.801416  ,  0.02079453,  0.7102005 ,  0.5063176 ,  0.49801624,  0.8871198 , -0.20965652, -0.24934252,  0.15988275, -0.09134988,  0.15925042,  0.7813744 ,
 -0.23907337, -0.15233949]

--------------------------------------------------------------------------------
Слой: dense_hidden_layer_3 (Dense)
  Параметр #1, форма: (32, 16)
  Значения: [[ 0.35664985, -0.60213274, -0.72223085, -0.1813577 ,  0.08653221, -0.07603499, -0.32480648,  0.39307433,  2.6609414 ,  1.2390313 , -0.4304712 , -0.07512789, -0.11495698, -0.05643062, -0.52782726,
  -0.5504234 ],
 [-0.5812658 , -0.35090488,  0.32221964, -0.23497571, -0.18850276, -1.0102162 , -0.30169255,  0.98019415, -0.05710465,  0.74139345,  0.64268696, -0.68566537, -0.71138144, -0.64699584,  0.4037839 ,
   0.09109776],
 [ 0.38072187,  0.19492653,  0.71313506, -0.27615625,  0.05973031,  0.38300356, -0.03213708,  0.33741102, -0.17390887, -1.1848471 ,  1.2844464 ,  0.86307776, -0.2436726 , -0.1186075 ,  0.13210893,
  -0.6875348 ],
 [ 0.39259207,  0.7647328 ,  0.40599567,  2.035505  , -0.6356738 ,  0.23338747, -0.01931777,  0.10404652,  0.33735165, -0.21931864, -0.15359642,  1.0546315 , -0.5711211 ,  0.8391397 , -0.8651369 ,
   0.6034384 ],
 [-2.3060672 , -0.34308183,  0.58613014,  0.86494404,  0.37340733, -0.2591924 , -0.2935958 , -0.70025814, -0.5770648 , -1.1959679 , -0.29124826,  0.5128423 , -0.45851323, -0.62924683, -0.6821472 ,
   0.04191305],
 [-1.2085094 ,  0.6945842 , -0.28799543, -0.53335327, -0.5041877 , -1.006824  ,  0.49242836, -0.7521491 ,  0.7440642 ,  0.16994481,  0.5954797 , -0.5518505 ,  0.4628645 , -0.3046607 ,  0.9277505 ,
  -0.5112875 ],
 [ 0.09679355,  0.6747456 ,  0.35668722, -0.3229336 , -0.8598838 ,  0.31461224,  0.4815604 , -1.5198386 ,  0.13406964,  0.45606005, -0.3968483 ,  0.0840999 , -0.3889615 , -0.75699514, -2.318302  ,
  -0.19225161],
 [-0.5449435 , -0.39388472,  0.266012  ,  2.6381211 ,  0.35667923, -0.6678243 , -1.4049499 ,  0.13651636, -0.02543673,  0.02379018, -1.9423598 ,  1.0491891 , -0.30842012, -0.38468403, -0.11400212,
  -0.13284671],
 [-0.14769462, -0.4016629 ,  0.42012066, -0.42298242,  0.69194674, -1.1850659 , -0.7603507 , -0.598452  , -0.8659366 , -0.6409445 , -0.16665816, -1.1558976 ,  0.23065995, -0.2302328 , -0.577749  ,
   0.39766958],
 [ 0.62351084, -0.06153363,  0.03783761,  0.728255  ,  0.26166466, -0.09805466,  0.19333176, -0.2579646 ,  0.01221761,  1.8693539 , -0.13414456,  0.31335506,  0.25304148,  0.5913757 , -0.7074647 ,
  -0.23867711],
 [-0.2453698 , -1.3618875 , -0.9801187 , -0.35623902, -1.0110509 ,  0.24100624, -0.39988565, -1.1508126 , -0.6723411 , -0.36598957, -1.2211291 ,  0.02121116, -0.21946514, -0.10534389, -0.7162071 ,
   1.3293065 ],
 [-0.24666044, -0.92858964, -0.57276   ,  0.08972632, -0.00930301,  0.2972614 ,  0.03495879, -0.6650183 ,  0.5622843 ,  0.15451181,  0.86392796, -0.56800604, -0.03369698, -0.33234662,  0.51193184,
   1.7374135 ],
 [-1.1315728 ,  0.8154192 , -0.01490745, -0.59368557, -2.255088  , -0.16518699,  0.83420306,  0.13550518,  0.2869878 , -0.6628213 , -1.2952638 , -0.10072036,  0.28835383, -0.76679885,  0.11691985,
   2.2684162 ],
 [ 0.4718407 ,  0.27452126, -0.46021414,  0.7891543 ,  0.16881035, -0.04259436, -0.0012223 , -0.20236272, -1.1988759 , -0.05169078,  0.44629404,  0.08199558,  1.0401758 ,  0.18263507, -0.15371254,
  -0.5435626 ],
 [ 0.60947627,  0.56265646, -0.57488954,  0.22713773, -1.2627548 , -1.0470351 ,  0.1588977 ,  0.64290684,  0.82767546, -0.45662278, -0.21385977, -2.141704  ,  0.34971705, -2.262555  , -0.3713935 ,
   0.08678476],
 [-0.76422894, -0.25356105,  0.03727538,  0.6321849 ,  0.32760033,  0.7869541 , -1.3773818 , -0.53178   ,  0.59484786,  0.5594267 ,  2.8563519 ,  0.60813165, -0.13933067,  0.52276194, -2.573782  ,
  -0.0178159 ],
 [ 0.36719087,  1.9224182 , -0.2535195 ,  0.5335689 , -0.1219597 , -0.21960437, -0.1994572 ,  1.228561  , -1.8653647 , -0.0238235 , -0.36562914, -0.37339002, -0.07628666, -1.0730091 , -0.08659482,
   0.40136254],
 [-1.5411445 ,  0.90694135, -0.26559213,  0.27303243, -0.25743362,  1.1110969 , -0.12881419, -0.29922888,  1.0323814 ,  0.05691675, -0.01155013, -0.5476107 , -0.29574236,  0.12764904,  0.28559834,
  -0.10693541],
 [ 0.19041942,  0.07812695, -0.71996856, -0.5950201 ,  0.28414458, -0.60413784,  0.15797395,  0.44283825,  0.53149444, -0.3276769 , -0.7727185 , -0.08463363,  0.67349684,  0.5899145 ,  0.6970602 ,
   0.6502254 ],
 [-1.1053972 ,  0.09994479,  0.15952334, -2.742908  , -0.7197902 ,  0.5731702 ,  0.0433321 , -0.52322614,  0.26804084, -0.03393935,  0.07704058,  0.8710258 , -0.4831932 ,  0.08205631,  0.15145631,
  -0.39228857],
 [-0.03709113, -0.15782455, -0.04536115, -2.1055639 ,  0.5206743 , -0.08310811,  0.21789092,  0.2540446 , -0.14027661, -2.0333393 , -0.7659185 , -0.28580403,  0.73604554, -0.03169222,  0.60754806,
   0.18733567],
 [-0.27244136,  2.638075  ,  0.24540104, -0.4126681 ,  0.3908649 ,  2.1435711 , -0.25986373,  0.4694922 , -0.292436  , -2.036428  , -0.15401593, -0.38603917, -0.6217108 ,  0.10695259,  1.1780292 ,
   1.9289618 ],
 [-2.2254217 , -0.42462668,  1.4229414 ,  0.23069094,  0.2833689 ,  1.1727479 ,  0.50277984,  0.13222355, -0.7286354 ,  0.39312306,  0.9391484 ,  0.56312853, -0.3655602 ,  0.63884234,  0.42498377,
  -0.13763416],
 [ 0.54092526, -0.09348663, -0.18978755,  0.7595554 , -0.17639208, -0.65412974,  1.679368  , -1.646574  , -1.7729641 ,  1.1430801 ,  0.82246363,  1.4525857 , -0.3305193 ,  1.4094744 , -0.07951063,
  -2.3039873 ],
 [-0.85345685,  0.93219244, -0.661171  , -0.18128558, -0.49365586, -0.04877299,  0.26288083,  0.6925657 ,  0.077756  , -0.30872482, -0.5279016 , -1.2671001 , -0.48190337,  0.70710427, -0.3276209 ,
   0.19199064],
 [-0.09551912,  0.3277077 , -0.8595742 , -0.42864457, -0.05420454,  0.14064161, -0.45546657,  0.7083283 ,  1.7359405 , -0.51277727,  0.24504885,  0.32488966,  0.6685821 ,  0.16905233,  0.07987139,
   0.04682743],
 [-0.8416665 ,  1.1751572 ,  0.391226  , -0.10900366,  0.07705033, -1.9978744 , -0.26783538, -1.2902268 ,  0.5902794 , -0.3463295 ,  0.9856805 ,  0.64110583, -0.5969982 ,  0.20317246, -2.0468981 ,
   0.7747363 ],
 [-1.0336375 ,  0.04241984, -0.47676742,  1.0319753 ,  0.88641846,  0.33144456, -0.19965258, -0.11543494,  1.2590072 , -0.72030836,  0.81565726,  0.39897764,  0.08970625, -0.81207705, -0.82305014,
   0.05940563],
 [ 0.09693332, -0.14174719,  1.0820785 , -0.13004754,  0.10939109,  1.3216968 , -0.36803976,  0.63212085, -0.41825736,  0.16208036, -1.8360493 , -0.14910766,  0.56883603, -0.38416559, -0.07878008,
   0.0217088 ],
 [-0.56365186, -0.49418524,  0.18800277,  0.24331896,  0.5607656 , -1.3639486 , -0.2965126 ,  0.7319016 , -0.49551055, -0.5113737 ,  2.4911785 , -0.9253165 ,  0.19409296,  0.48648575, -1.3238572 ,
   0.4273296 ],
 [-0.80210745,  1.0450066 ,  0.97487134, -0.15523937,  0.04438622,  1.533163  ,  0.06306863,  0.9704209 , -0.41941082, -1.2476925 , -0.82476556, -0.61685634,  0.3968051 , -0.09584379, -0.31896412,
  -0.06641501],
 [-0.8134915 , -0.05514982, -0.75318176,  0.6781416 , -0.24652359,  0.9359992 , -0.31391993, -0.07192832, -0.6510631 ,  0.4129672 ,  2.2160997 ,  1.1170382 , -0.02247452,  0.57473886,  0.9166165 ,
  -0.15492997]]

  Параметр #2, форма: (16,)
  Значения: [-0.4982785 , -0.4334443 , -0.37426418, -0.30019417,  0.06589208,  0.5905007 , -0.15011089,  0.61832315,  0.03394204, -0.08566853,  0.41807875, -0.06244913, -0.31281662,  0.530436  , -0.01531909,
  0.7164361 ]

--------------------------------------------------------------------------------
Слой: dense_output_layer (Dense)
  Параметр #1, форма: (16, 1)
  Значения: [[-0.9694831 ],
 [-1.130474  ],
 [-0.5575711 ],
 [-0.23115888],
 [ 0.7432376 ],
 [ 0.6899185 ],
 [ 0.40575135],
 [-1.9233725 ],
 [ 1.7982081 ],
 [ 0.5647423 ],
 [ 0.13227445],
 [ 0.28432578],
 [-1.5016875 ],
 [ 0.16589658],
 [ 0.5192015 ],
 [ 2.252325  ]]

  Параметр #2, форма: (1,)
  Значения: [-0.02252523]

--------------------------------------------------------------------------------
