Модель: sequential
================================================================================

Слой: dense_input_layer (Dense)
  Параметр #1, форма: (20, 64)
  Значения: [[-0.07531319, -0.04916013, -0.4428989 ,  0.44609427, -0.00733655,  0.1066654 ,  0.12510334,  0.24973856, -0.08801974, -0.00895157,  0.02853774,  0.1993963 , -0.04206555, -0.00995802, -0.22472295,
  -0.2335146 ,  0.28465286,  0.47425517, -0.11045128,  0.11266939, -0.35794747, -0.12271557, -0.13402244,  0.4572725 ,  0.09689994, -0.41802508, -0.65350026, -0.3131689 ,  0.05180811,  0.09725963,
   0.22375786, -0.55097497,  0.16933927,  0.0076502 ,  0.14195797,  0.19775718,  0.7022239 ,  0.32129556,  0.02892494,  0.12573063, -0.28590834, -0.31436118, -0.562703  , -0.41003466,  0.19089153,
  -0.2720162 ,  0.14281277,  0.39109838,  0.0634761 ,  0.17911339, -0.26890054, -0.03359634,  0.44068238, -0.3371695 ,  0.2850016 ,  0.51795495,  0.13736552, -0.5052862 ,  0.09805357, -0.02433569,
   0.14033842,  0.2208367 , -0.23391056, -0.2531689 ],
 [-0.04516016, -0.2896673 ,  0.04514672, -0.03402638,  0.7900585 , -0.30752727, -0.23461434,  0.12718292,  0.26181152,  0.6861678 ,  0.48687616,  0.24711992,  0.08791777,  0.26898912, -0.1830966 ,
  -0.09484977, -0.44472727, -0.06865425,  0.2887924 , -0.06290773, -0.23221289, -0.10793345,  0.21722497,  3.5668836 ,  0.25497636, -0.39339727, -0.2610915 , -0.15199296, -0.3929852 ,  0.883099  ,
  -0.32887974,  0.2744653 , -0.19981818, -0.15413624,  0.09039684, -0.43755507, -0.1988215 , -0.04394184, -0.2538051 , -0.24674681,  0.3260181 ,  0.30149606, -0.13252981, -0.02524953,  0.37110484,
  -0.42794368,  0.1014068 ,  0.59237134,  0.58951044, -0.5819734 , -0.2287881 ,  0.05059782, -0.39656308, -0.20047401, -0.0411873 ,  0.42039648, -0.0136208 ,  0.06508102,  0.15372711,  0.16304661,
   0.00842984, -0.35912612,  0.23690183,  2.13192   ],
 [-0.3290257 , -0.20469047,  0.26625347,  0.18164495, -0.2160894 , -0.08098013, -0.04303867,  0.18510114,  0.37468222,  0.01969475,  0.3507623 ,  0.26199508,  0.06169504, -0.433045  , -0.30831325,
   0.22237219, -0.51315886,  0.03569355,  0.3001457 ,  0.04572626, -0.18041918, -0.2539843 ,  0.24484582,  0.14151219, -0.08564679,  0.31958774,  0.25619933,  0.5365782 ,  0.17006822, -0.04935013,
  -0.04289728, -0.5803711 ,  0.04519771, -0.00471448, -0.39902222, -0.00758629,  0.40295047, -0.2203643 , -0.2879684 ,  0.33147848,  0.1902721 ,  0.9183286 , -0.39557105,  0.21611618,  0.09476727,
   0.01778439,  0.27315366, -0.00891761, -0.5809129 , -0.25420725,  0.40933004,  0.35160866, -0.11193576,  0.15107912,  0.8351814 , -0.00935604, -0.003475  ,  0.05717961,  0.18209271, -0.10467035,
   0.18183881, -0.5832689 ,  0.10091963,  0.01518894],
 [-0.06523709, -0.1425772 , -0.18281202, -0.24405633, -0.6954205 , -0.0804055 ,  0.32889894, -0.10062331,  0.19053377, -0.32406026, -0.39170927, -0.22522855, -0.30764997, -0.3549119 ,  0.1349322 ,
   0.5336773 , -0.20008302, -0.5075455 ,  0.1970392 , -0.43077025, -0.3549797 ,  0.1484987 , -0.04959289, -0.20615256,  0.02050538, -0.12282265,  0.5668643 , -0.20274141, -0.27402377, -0.13650995,
  -0.12382849,  0.1786931 , -0.59746134,  0.12780777, -0.16238563,  0.2330469 , -0.01429311,  0.15560834, -0.11742055,  2.976785  ,  0.49913093, -0.22177093, -0.03215834, -0.14586519,  0.47789454,
  -0.13018247, -0.21980765, -0.17348307, -0.04071521, -0.2380515 , -0.110535  ,  0.04716055, -0.03464202,  0.24951257, -0.09580652, -0.06138495,  0.08131853,  0.673442  , -0.23628058,  0.57708734,
  -0.35507196,  0.06869113, -0.10181589, -0.24458128],
 [ 0.20972772,  0.17996898, -0.14437445, -0.6281382 , -0.12601423,  0.04176123,  0.00054408,  0.22678058,  0.5800628 ,  0.12416245,  0.17033051,  0.04445452,  0.35173073,  0.15942   ,  0.2247317 ,
   0.54268706,  0.06809529, -0.08128868,  0.1338868 ,  0.3408727 ,  0.15042803,  0.3181916 , -0.20069245, -0.26042527, -0.16351129, -0.3802147 ,  0.03308987, -0.12900762,  0.3690634 , -0.3873673 ,
   0.4664768 , -0.2943601 , -0.37146926, -0.2473954 ,  0.585384  , -0.01202554,  0.15883066, -0.05516752, -0.02702359, -0.15176402,  0.01522319,  0.14837997,  0.50349164, -0.5623407 ,  0.4832461 ,
   0.15838812, -0.11032884, -0.16431704,  0.3131027 ,  0.06869356, -0.46021953,  0.10892088,  0.34331146,  0.2573594 , -0.18805736, -0.4026022 , -0.09779194,  0.9761955 , -0.4634997 , -0.25282052,
   0.11761257, -0.03735757, -0.06006147,  0.6074163 ],
 [-0.255978  , -0.00428416,  0.06057223, -0.241421  , -0.4321958 ,  0.0807953 ,  0.5441    ,  0.12137487,  0.02702178,  0.02481913, -0.07752532,  0.3550447 , -0.15163268, -0.40703565, -0.4744962 ,
   0.0237027 ,  0.31820774,  0.07124557, -0.09521063,  0.13753238,  0.0558637 ,  0.24785714,  0.39795116, -0.28631705, -0.70187896, -0.10546104, -0.30580243,  0.24958746, -0.21730013, -0.5627336 ,
  -0.17226043, -0.4475923 ,  0.47704732,  0.14149259,  0.19426744,  0.16080797,  0.25205135,  0.3400026 , -0.1619236 , -0.4259885 , -0.25408012, -0.01357489, -0.7693026 ,  0.34281775, -0.56902415,
   0.179728  , -0.05042124,  0.0855526 , -0.14157592,  0.06516194, -0.14156325, -0.16685434, -0.2691709 ,  0.45774898,  0.11007283,  0.06284906, -0.26266855, -0.0704545 , -0.29616877, -0.14734906,
  -0.36273673,  0.47674325, -0.22707182, -0.26252365],
 [-0.39768308, -0.23136164, -0.14846803, -0.01484387, -0.19359666, -0.4801833 , -0.45437247,  0.2038979 , -0.03683662,  0.19466797,  0.23408255,  0.04532399, -0.36951923,  0.05687547,  0.419879  ,
  -0.13422841,  0.10218458, -0.00413339,  0.41171333, -0.20333582,  0.34605956, -0.11250319, -0.20824379,  0.03295802,  0.10273708,  0.5734589 ,  0.09586127,  0.05798342,  0.47884288,  0.18031618,
  -0.19328256,  0.40679112, -0.22188564, -0.19477418, -0.2545562 , -0.2808735 ,  0.09995199, -0.07737065, -1.0434507 , -0.08047892, -0.15537368,  0.2678476 , -0.16897759,  0.76177734,  0.4190381 ,
  -0.11697312,  0.34488693,  0.15756351,  0.07003974,  0.24079567,  0.01622126,  3.581781  ,  0.24700576,  0.6157358 ,  0.0753585 , -0.136139  , -0.60876924,  0.58839107, -0.07897251,  0.16044278,
   0.57177216,  0.0682807 , -0.05840108,  0.4259019 ],
 [ 0.13822111,  0.17583168, -0.45694825,  0.36177456,  0.11267642, -0.41147682,  0.14552823, -0.6187577 ,  0.70259255, -0.33055645,  0.48353782, -0.24388666,  0.16806771, -0.2736385 ,  0.29913455,
  -0.07059562,  0.14033386,  0.00451931, -0.40969944,  0.15123206, -0.15097125,  0.31359383, -0.07075794, -0.02302917,  0.5048779 ,  0.714491  ,  0.23581019, -0.08614203, -0.1123984 , -0.2456031 ,
  -0.18757145, -0.08208292,  0.5892759 , -0.0591665 , -0.3678159 ,  0.01249958,  0.05343853,  0.01069064,  0.23990737,  0.02070165,  0.23061825, -0.23410301,  0.53421885,  0.07574394,  0.12006569,
  -0.23535357,  0.1415481 ,  0.19531952, -0.35093054, -0.49772748,  0.08809981, -0.14663094,  0.07797644, -0.38731083, -0.46815178,  0.06200684, -0.10493513, -0.6332099 ,  0.40292963, -0.39229712,
   3.1129534 , -0.18720502,  0.12046817,  0.49408472],
 [ 0.4438302 ,  0.59584093, -0.45692286, -0.34075963,  0.06779918,  0.25192422, -0.00336823, -0.49139822,  0.14897345, -0.05827542, -0.06187169, -0.68338513,  0.23924527,  0.04356122,  0.53854936,
  -0.02235229,  0.16990204,  0.24954545, -0.5238485 ,  0.78501   , -0.12923771,  0.14836998,  0.1921746 , -0.24443524,  0.5540941 ,  0.07978658, -0.06404179,  0.04155239,  0.22927566,  0.00323945,
   0.26457897, -0.50546163, -0.224391  , -0.64164007,  0.59910244,  0.5951976 ,  0.18798482, -0.3037854 ,  0.71696347, -0.18132435, -0.06396214,  0.04786002,  0.13545479,  0.19314077,  0.2051885 ,
  -0.04335723,  0.20043029, -0.0567623 ,  0.17379104,  0.14918754,  0.2288542 ,  0.19139001, -0.13272971,  0.13761306,  0.19601992, -0.38733733, -0.0822133 ,  0.18243417,  0.51278776,  0.24747005,
   0.53171337, -0.11951201,  0.07505715,  0.24172059],
 [-0.69790554,  0.45324096, -0.55827296,  0.299082  ,  0.20604953, -0.7018779 , -0.6867184 ,  0.42974457,  0.36441663, -0.2642591 , -0.26456368,  0.15378149, -0.00382325,  0.31631857,  0.14387427,
   0.47490925,  0.29102334,  0.21623191, -0.10563742, -0.12759636, -0.0155277 ,  0.5522829 , -0.12188242,  0.0781587 , -0.6734409 ,  0.20274262,  0.6771595 , -0.28009143,  0.9523326 ,  0.05467218,
  -0.7718794 , -0.11566147,  0.39913157,  0.59979516,  0.21542956,  0.47027832, -0.35333565, -0.20407848, -0.50383776, -0.18151893,  0.22857569,  0.06379673,  0.2603547 , -0.2809542 , -0.2626575 ,
   0.06138306, -0.18079434,  0.39055476, -0.18822567, -0.14861678,  0.12565182, -0.11678646, -0.3704833 , -0.32980675,  0.16132979, -0.40761346,  0.41914934, -0.2071198 ,  0.18486474, -0.1891238 ,
  -0.2745724 ,  0.0738311 ,  0.31553504,  3.8882625 ],
 [-0.01964321,  0.24222521,  0.25215816, -0.01154752, -0.13304397,  0.02479679, -0.05727345,  0.09389225, -0.35828114,  0.08315448, -0.21549103,  0.27176628, -0.20174035, -0.19653293,  0.13361965,
   0.00426357,  0.6829955 , -0.48879078,  0.03295588,  0.33889484, -0.17349418, -0.27316734, -0.2612594 , -0.48358837,  0.4049114 , -0.0988852 , -0.13440815, -0.63722944, -0.43011257,  0.43961692,
   0.0909317 ,  0.34995025,  0.31199774, -0.3001861 ,  0.7289543 ,  0.58491975, -0.16912994, -1.0704616 , -0.10695963,  0.07148888, -0.17031571, -0.06645663, -0.24859741,  0.27649042,  0.01908997,
   0.2854542 ,  0.366661  , -0.6522971 , -0.23115666, -0.18720879,  0.7714117 ,  0.04470161,  0.24376819, -0.56420755,  0.04296464,  0.2934879 ,  0.25858954,  0.18701982,  0.00390015,  0.01847059,
  -0.50797987, -0.27015987,  0.06928319, -0.21479274],
 [ 0.20665148,  0.14003477,  0.4102111 ,  0.28747615,  0.06817842,  0.22439413,  0.30153066, -0.15223119, -0.0987993 , -0.02904781, -0.14265916,  0.3047061 , -0.18819316,  0.37549543, -0.11009196,
   0.141719  ,  0.04992454, -0.29279393, -0.00596692,  0.10009306, -0.01928781, -0.40281197,  0.5104288 ,  0.02630984,  2.3634155 ,  0.4862304 ,  0.18521695, -0.360051  , -0.3133484 , -0.06671841,
   0.08919209,  0.18683995,  0.28505355,  0.16187172,  0.4040238 ,  0.03803795, -0.22789182, -0.00100526, -0.0206942 , -0.7734646 , -0.16841006,  0.09426112, -0.12726466, -0.19386281,  0.27341285,
  -0.27496374,  0.21348679, -0.39982334,  0.8282286 , -0.06470565, -0.09697959,  0.34291977, -0.12561145,  0.43647835,  0.11147815, -0.03551937, -0.06750177,  0.36227766,  0.06914616,  0.12969261,
   0.16230056,  0.03988086,  0.15596166, -0.03549703],
 [-0.01494259, -0.3357345 ,  0.08932807, -0.5158623 ,  0.08506742, -0.0841848 ,  0.11237554, -0.3146485 , -0.6358072 , -0.10525959, -0.3137738 , -0.534167  ,  0.23039497,  0.48037148, -0.23908544,
  -0.02273125, -0.09233569, -0.19766952,  0.19912116,  0.30304244, -0.26058215,  0.01343006,  0.3853599 ,  0.20671086,  0.25130925,  0.4103956 ,  0.40645355,  0.3085928 ,  0.04348122, -0.1147449 ,
   0.03104333, -0.16032201, -0.58574605, -0.08384972,  0.10725787, -0.17618082, -0.05783394, -0.04621102,  0.40705705, -0.10783118,  0.40699002, -0.81374717,  0.40435675,  0.38922185,  0.2706764 ,
  -0.6035754 ,  0.3056661 , -0.01503575, -0.7588012 ,  0.38945332,  0.43325192, -0.5713536 ,  0.05262632,  0.41657734,  0.3690484 ,  0.2508183 , -0.79417586,  0.21886283, -0.06543117,  0.29875726,
   0.07684844, -0.00596448,  0.19227116, -0.05157401],
 [-0.00728318, -0.1665672 , -0.4816227 ,  0.17035604, -0.2418091 , -0.06023756,  0.08609219, -0.6255653 , -0.5584047 , -0.08992157,  0.13636905,  0.22321148, -0.47739434,  0.19098945, -0.07352088,
  -0.26494718, -0.19456555,  0.2405572 ,  0.08220173,  0.01509196,  0.07304872,  0.27842933, -0.02912987,  0.01629567,  0.34145123, -0.09947599,  0.18544218, -0.15111135, -0.1247602 , -0.03121493,
   0.15458186,  0.35825458,  0.02896358, -0.44995108,  0.18943389,  0.73615265,  0.03260065, -0.5126303 ,  0.05089587, -0.00090378, -0.02613265,  0.28362298,  0.41348243,  0.20507573, -0.03991742,
   0.33770365, -0.4481489 , -0.21481684, -0.18138833, -0.00928519,  0.1520204 , -0.06021389, -0.27181074,  0.29245508, -0.07063702,  0.03063868,  0.16532032,  0.01166328,  0.01298151,  0.30914202,
   0.04541084,  0.2588391 ,  0.16340023,  0.60506624],
 [ 0.12282403,  0.19139197,  0.33049703,  0.01908533, -0.19135593, -0.14224367, -0.13935208, -0.2850993 ,  0.09534155, -0.18885496,  0.05845585, -0.04760233, -0.01248645,  0.166817  , -0.16256973,
   0.19166732,  0.47019237,  0.10293272, -0.2346287 , -0.1845054 , -0.07447887, -0.1784671 , -0.2973541 ,  0.04632218, -0.0663592 ,  0.05691627,  0.35591623, -0.07090585, -0.355626  , -0.11966775,
   0.23112756,  0.20303108,  0.15559189, -0.18741202,  0.22557078,  0.29306972, -0.2086265 , -0.01247103,  0.6061206 , -0.22196229, -0.511526  ,  0.41487134,  0.34098142, -0.13709019, -0.03389753,
  -0.36748052,  0.02668568,  0.34977412, -0.16278145,  0.2631306 ,  0.13911715,  0.17334507, -0.14529276, -0.10638726, -0.5540317 , -0.17000082,  0.34904563, -0.27879965, -0.23409049,  0.19205695,
   0.12083049,  0.20695898, -0.34896615,  0.7692174 ],
 [-0.364726  ,  0.04627419, -0.04759665, -0.35599247, -0.11106282,  0.00699228, -0.19499196,  0.2811671 , -0.04848772, -0.4023824 , -0.42783767,  0.18184952, -0.44603124,  0.09492783,  0.13339655,
  -0.2986066 ,  0.26722142, -0.51533806,  0.08893768, -0.01225738, -0.03569939, -0.353369  , -0.2811066 ,  0.48564062,  0.3645465 ,  0.22262537,  0.28195444,  0.25380406, -0.09700686,  0.01428107,
  -0.44175252, -0.02690869,  0.35502428, -0.19821218,  0.30694237,  0.02747572, -0.41561157, -0.33219585,  0.27579087,  0.16575722,  0.03052922, -0.08220954,  0.0631704 ,  0.26408887,  0.442756  ,
   0.45710525,  0.11158797, -0.05157951,  0.0438744 ,  0.1566361 ,  0.15542008,  0.392396  ,  0.6347267 , -0.06157639,  0.6467655 ,  0.3516718 , -0.0302469 ,  0.44956946,  0.5056945 , -0.13808863,
   0.5196646 ,  0.32252485,  0.7105677 , -0.12721157],
 [-0.10602802, -0.6079986 ,  0.17135818,  0.11257537, -0.1688981 , -0.02455522, -0.3933663 ,  0.3595335 , -0.14690985,  0.9282147 , -0.05268039, -0.22788565, -0.12369394, -0.4235883 ,  0.14468157,
  -0.12596992,  0.33937582, -0.08242425,  0.41533265,  0.22723672,  0.00857903,  0.47406977,  0.28568804,  0.88386387, -0.12283657,  0.02298483,  0.4706127 , -0.46306133,  0.39508307,  0.13179083,
  -0.26646322, -0.40891188, -0.20174684, -0.68544585, -0.14686184,  0.1867669 , -0.14289019,  0.4164938 ,  0.4979843 ,  0.38269335,  0.06919228, -0.6974038 , -0.21110925, -0.04261156, -0.26816028,
  -0.04185164,  0.48302025, -0.49373296,  0.54350764,  0.26541793,  0.08046504, -0.21408497, -0.2621851 , -0.48786533,  0.51502967,  0.46128348, -0.4218854 , -0.1657884 ,  0.12994343, -0.08985274,
  -0.5756024 , -0.19733183,  0.5853103 , -0.17699358],
 [-0.0490402 , -0.34355322,  0.1763289 ,  0.03454554, -0.22260593, -0.3913966 ,  0.42136303, -0.48166302,  0.15114471, -0.64616376,  0.21216351,  0.29108965,  0.32843512, -0.04836254,  0.47520107,
   0.6923375 , -0.09648694, -0.13530152,  0.04475318, -0.14330405, -0.18716106, -0.16102156,  0.5147268 ,  0.2315646 , -0.14428383, -0.7365375 , -0.46333936,  0.15102872, -0.6364668 ,  0.08789806,
  -0.31966913,  0.02754173,  0.01915689,  0.03617698, -0.11832655, -0.12818569, -0.21623713,  0.1451677 ,  0.2415578 , -0.36569175, -0.01548854,  0.05897462,  0.05513134,  0.05003089, -0.12061045,
   0.08370913,  0.1854086 ,  0.042311  ,  0.15178195,  0.29710603, -0.5552821 ,  0.28303915,  0.10272833, -0.3334876 ,  0.24074127, -0.11949627, -0.07858993, -0.15230393,  0.09071966, -0.23560594,
   0.2704424 , -0.04165878, -0.10926075,  0.2258627 ],
 [-0.09586703,  0.28445303,  0.2938779 , -0.40044114,  0.33277807, -0.4386108 ,  0.35147417,  0.60850716,  0.26245034, -0.6470942 ,  0.3190697 ,  0.6738387 , -0.0909095 , -0.010411  , -0.356546  ,
   0.09362382,  0.38075316,  0.20932114,  0.9425901 ,  0.00990811, -0.48920202,  0.05129129,  2.0940201 , -0.15993118,  0.4873146 ,  0.0975401 ,  0.05382504,  0.54623413, -0.08117997,  0.37854612,
   0.03879209,  0.11401424, -0.36519146, -0.14461404, -0.41925547, -0.02857352,  0.11712071, -0.33301142,  0.61475366,  0.0834318 ,  0.01733868,  0.23089732, -0.24867843,  0.04904324, -0.21505986,
   0.46760398, -0.31759182,  0.01894964,  0.09879474,  0.11844772, -0.17437056, -0.26865283, -0.17003855,  0.15849763, -0.04315373,  0.23886265,  0.14310111, -0.6830738 ,  0.07424934,  0.67513645,
   0.3975807 ,  0.12660395, -0.31781763,  0.14326611],
 [ 0.22192498, -0.07612401,  0.09502262,  0.45289874, -0.25718233, -0.3174899 ,  0.20780979,  0.13726279,  0.30865148,  0.17093815, -0.17032652,  0.12965779, -0.34263796, -0.07509562,  0.15083978,
  -0.10815427,  0.74041563, -0.56765527, -0.16424711, -0.28133395, -0.21010464, -0.19289947, -0.3979262 ,  0.22581065, -0.16412859,  0.049072  , -0.13044773, -0.20726413,  0.5016838 ,  0.27687967,
  -0.5604601 , -0.5922412 ,  0.31278265, -0.15595601, -0.4947247 ,  0.31372055,  0.05073721,  0.07547133,  0.24286178, -0.39299315, -0.48945025,  0.4742863 , -0.43115002, -0.36667135, -0.30673063,
   0.6239838 ,  0.14801499,  0.2896224 ,  0.05885026, -0.18056616,  0.18938738, -0.46698478, -0.32858503,  0.21989255, -0.40717658, -0.05672444, -0.0430537 , -0.1585986 , -0.58533555, -0.18867867,
  -0.24749051,  0.04843196,  0.03314716,  0.11338844]]

  Параметр #2, форма: (64,)
  Значения: [-0.46711454, -0.09985945, -0.15065965,  0.15786313, -0.12973252,  0.05467527,  0.16265932, -0.13726382,  0.05961044,  0.20038551, -0.24763255,  0.00497047, -0.13640688, -0.23489797, -0.30729035,
 -0.23812972,  0.0120058 , -0.3221689 , -0.1101454 ,  0.16263889,  0.08980219, -0.10610153,  0.33793807,  0.37860727,  0.00522449, -0.49370858,  0.17728963, -0.45879528,  0.29522923,  0.21671697,
  0.3548425 ,  0.05205311, -0.07227715, -0.09002022, -0.10925204,  0.19621374,  0.1424543 ,  0.02404513, -0.14443626,  0.52584255,  0.18247493, -0.31954238, -0.1032512 ,  0.18635522, -0.15990779,
  0.07030959,  0.19015926, -0.6776856 , -0.02160754, -0.01375817, -0.08241449,  0.06033903,  0.13150392,  0.02841019, -0.07476548,  0.12652425,  0.00981068, -0.04614008, -0.26245588, -0.31253096,
 -0.26624596,  0.05566581, -0.01581575, -0.2960568 ]

--------------------------------------------------------------------------------
Слой: dense_hidden_layer_1 (Dense)
  Параметр #1, форма: (64, 48)
  Значения: [[ 0.16147946,  0.34357738, -0.14962341, -0.43524545, -0.1772816 ,  0.21361515,  0.13713247, -0.23060817,  0.38029304,  0.33707002, -0.18325152, -0.1858225 , -0.14820698, -0.1268332 ,  0.2376345 ,
   0.10633226,  0.2192697 ,  0.16839129,  0.42863175, -0.26484638,  0.09508963, -0.5434553 , -0.3292389 , -0.01871335,  0.10455165, -0.02545394, -0.14179811, -0.09735447,  0.34236026, -0.09600805,
   0.4373104 ,  0.19850427,  0.11438434, -0.29839924,  0.23380955, -0.12344264, -0.29860994,  0.1282109 , -0.3469865 , -0.19056037, -0.00252898,  0.55460536, -0.17172894, -0.11455413,  0.18308626,
  -0.30957392,  0.1107016 ,  0.3014817 ],
 [-0.07677372,  0.25653857,  0.07286248, -0.18267049, -0.04945117, -0.09493934, -0.02190956,  0.03817948,  0.14704998,  0.12716706, -0.6079284 , -0.02432705, -0.3773555 , -0.06893181, -0.0309474 ,
   0.24403709, -0.00752887,  0.0648045 ,  0.19826409,  0.30693805, -0.03075348,  0.02354486,  0.00250583, -0.13564974, -0.1922788 , -0.56797147, -0.26916525, -0.4446577 ,  0.31379962,  0.047104  ,
  -0.03148474, -0.1793713 ,  0.00744482, -0.21199498,  0.04350464,  0.06143349, -0.21534592, -0.2201155 ,  0.24054983, -0.01321499, -0.1952551 , -0.09262658, -0.25264853, -0.0167959 ,  0.20790708,
  -0.00691767,  0.59090835,  0.10533989],
 [ 0.05748861, -0.22707553, -0.05963336, -0.19475347, -0.5414113 ,  0.24356556, -0.12786263, -0.19010001,  0.05264251,  0.1281249 , -0.08019371, -0.00065042,  0.18654685, -0.0900484 ,  0.07558344,
  -0.41481116, -0.31032974,  0.15138495, -0.32338965,  0.05853439, -0.03674969, -0.09111682, -0.2071157 ,  0.227335  ,  0.4324728 ,  0.07504804,  0.08062268, -0.17058265, -0.2990243 , -0.00993473,
  -0.24343741, -0.44315255,  0.20086145,  0.2130417 , -0.2147097 ,  0.06099108,  0.25048807,  0.05125667, -0.29828867, -0.05822335,  0.33170235,  0.06175666,  0.13478303,  0.0854073 , -0.21387784,
  -0.1552113 ,  0.08471629,  0.20421794],
 [ 0.27497622, -0.21452639,  0.10828014,  0.29676104, -0.24677044,  0.3716868 ,  0.4097352 ,  0.6562716 ,  0.05773336,  0.05910617,  0.20674859,  0.19945067,  0.2815917 ,  0.1960083 , -0.02651548,
   0.3054993 , -0.26781353,  0.00146308,  0.3909339 , -0.31256163, -0.16936891,  0.16793682,  0.098478  , -0.21875635, -0.1040485 , -0.29519552,  0.24512126, -0.06397034,  0.44803897,  0.02027506,
  -0.05493508, -0.07920544, -0.06104996,  0.02770527,  0.6281019 , -0.08471492, -0.07658836,  0.01639846,  0.2725686 , -0.35524613,  0.11377318, -0.2043563 ,  0.13831817, -0.12343998, -0.5760256 ,
   0.0923944 ,  0.0902862 , -0.14477007],
 [-0.15958597, -0.3278432 ,  0.19327499,  0.22055395, -0.21976273, -0.13498361, -0.01582228,  0.5677163 ,  0.13628043, -0.23585388,  0.07594508, -0.3441729 ,  0.17949758,  0.41888684,  0.41994792,
   0.18372338, -0.14585309, -0.32522544, -0.35005125, -0.7015543 ,  0.17346394, -0.02570888,  0.22730404,  0.35700786,  0.02497639,  0.0364904 , -0.11608008, -0.0865211 ,  0.18211748, -0.04359376,
  -0.07975192, -0.00457921,  0.22158255, -0.1731654 , -0.01663213,  0.06131946,  0.29005548, -0.05982419, -0.17945585, -0.12109023,  0.26326436,  0.50832635, -0.32843944, -0.2738254 , -0.0421992 ,
   0.02773902,  0.19674239, -0.22278325],
 [-0.26577726,  0.03452179, -0.06460018,  0.23168024,  0.12183995,  0.13884483, -0.02612034,  0.5888951 , -0.209437  ,  0.15270247, -0.3174225 , -0.26836693, -0.1518364 ,  0.40733084,  0.06597361,
  -0.14761952,  0.09360908,  0.00878697, -0.12299334, -0.3491572 ,  0.35963562,  0.05245453,  0.5434346 ,  0.2350804 ,  0.13782993, -0.10880108, -0.2738364 , -0.05443275, -0.28107315,  0.16254759,
   0.40816313, -0.06522807,  0.23612274, -0.17230727, -0.07561671, -0.203741  , -0.53328323, -0.00913334,  0.03211293,  0.26646525,  0.19885956,  0.20223823, -0.24350905,  0.11487433,  0.39564848,
   0.09496696,  0.4571484 ,  0.50474155],
 [-0.06711707, -0.17423494, -0.19036554, -0.37903395, -0.12960072,  0.30191636, -0.5510094 , -0.25936335, -0.03178286, -0.2192963 , -0.13182148, -0.12808242, -0.06438506, -0.18236367, -0.2028033 ,
   0.23357743,  0.26241353, -0.34513584, -0.6898993 ,  0.26584372, -0.3072001 ,  0.05318621, -0.39141798,  0.32443875,  0.63591695,  0.04570173, -0.02352566, -0.08053489,  0.19544983,  0.14192168,
   0.2508746 , -0.15697913,  0.08502942, -0.13561702, -0.2644289 , -0.01025386, -0.23062818,  0.29343176, -0.21548009,  0.09088649, -0.15085557,  0.06926569, -0.13099915, -0.31430283,  0.12094319,
  -0.05885391,  0.07149623, -0.10721073],
 [-0.33198413,  0.27079466,  0.18418944, -0.14174025,  0.0174448 ,  0.26050487, -0.11425959, -0.07547113,  0.06090812, -0.11477277,  0.214273  , -0.04222519, -0.19600897,  0.1521597 , -0.28553265,
   0.5037196 ,  0.3956241 ,  0.12837388,  0.10733276,  0.09561036, -0.1222737 ,  0.07432741, -0.23078315,  0.1259546 ,  0.21696174, -0.09452152, -0.14877544, -0.30311924,  0.3644888 , -0.12891601,
  -0.04968476,  0.0750389 ,  0.07055191,  0.18664002, -0.09483248, -0.284667  , -0.32841632, -0.1448138 , -0.23796262, -0.07590418,  0.3268947 , -0.09431955, -0.09441271, -0.00409969, -0.10140625,
  -0.01684781,  0.13521731,  0.22118777],
 [ 0.2508033 ,  0.514213  ,  0.14233986,  0.55861974, -0.19412045,  0.52282125, -0.09509401, -0.07050473, -0.02996814, -0.05465518,  0.0214601 , -0.145007  ,  0.20749055, -0.13820876,  0.1639026 ,
   0.38193092, -0.08927559,  0.19859585,  0.13978982,  0.5632217 , -0.12620763,  0.1987679 , -0.40650278, -0.1239646 ,  0.08834821,  0.34829   , -0.30648333,  0.19652265, -0.01580586, -0.3803819 ,
   0.04539671,  0.42729032, -0.28010565, -0.02748443, -0.24665974, -0.11714573,  0.35804254, -0.06788112,  0.35039145,  0.27726352, -0.09068448, -0.12564987, -0.22399971, -0.2327203 ,  0.08830185,
  -0.00494633, -0.15590136, -0.38719073],
 [ 0.02654469, -0.11738805, -0.04882442,  0.07616546, -0.62545073, -0.38331866,  0.57411075, -0.12665263, -0.6293583 , -0.36248505,  0.6211168 , -0.17574936,  0.28975382,  0.0302795 , -0.12124176,
   0.19386137, -0.5960892 , -0.36028317, -0.12308776, -0.3357261 , -0.14519444,  0.21342826,  0.03303418,  0.33265427,  0.04884382,  0.24811521, -0.01601757, -0.14756887,  0.370142  , -0.17733757,
   0.08596121,  0.19222434,  0.21037318, -0.29136068,  0.2629876 , -0.24473882,  0.20267591,  0.13379337,  0.20465766, -0.30125087,  0.14698243,  0.27139843,  0.04834894, -0.20465417,  0.2299369 ,
   0.02847991, -0.41861108, -0.22404736],
 [-0.13157363,  0.37645456,  0.33254576,  0.33174214,  0.05809007,  0.2283987 , -0.28519484,  0.00170077,  0.11290818, -0.26872477,  0.05247802,  0.4216598 ,  0.13969244,  0.2293863 , -0.6131017 ,
   0.3894922 , -0.04653059, -0.19217157, -0.04365946, -0.37125555,  0.2619855 , -0.08384893, -0.18465771, -0.04201377,  0.2795039 ,  0.0328646 , -0.35242343,  0.11624521, -0.23224498, -0.53902525,
   0.3740018 ,  0.11430747, -0.01956767, -0.08640238,  0.34926987,  0.7717888 ,  0.11219513, -0.25740868, -0.03861638,  0.10764316, -0.5873821 ,  0.0836248 ,  0.10910628,  0.33158556,  0.30553082,
   0.02779304,  0.37865922,  0.5089196 ],
 [ 0.00698786,  0.10454677, -0.44182435, -0.36274332, -0.20954908, -0.11090457, -0.27403075, -0.00899885, -0.10342729,  0.2677238 , -0.11869341, -0.5716795 ,  0.03143779, -0.00354951, -0.21551247,
   0.02374997, -0.26881614,  0.08245999,  0.6582311 , -0.45140138, -0.12906052, -0.16912629, -0.10831497,  0.25498113,  0.13570663,  0.21219163,  0.00762388, -0.33052483, -0.27867135,  0.18656492,
   0.04270798,  0.31505185,  0.07331552, -0.29575375, -0.13047545,  0.14120354,  0.17758313,  0.21377715, -0.26213104, -0.30025753, -0.04745063,  0.36001837, -0.17346708,  0.11374297,  0.11376528,
   0.19019319,  0.41611007,  0.3904766 ],
 [-0.14865147, -0.52447385, -0.16963233,  0.01891807, -0.09041132,  0.49197474,  0.00469508,  0.16342796,  0.05430358, -0.0866583 , -0.48120293, -0.01965441,  0.8136618 , -0.3111146 , -0.45371827,
   0.48409733,  0.18552074,  0.04685497,  0.34066847, -0.20787549, -0.02664869,  0.23878853,  0.5275886 , -0.29213607,  0.3201836 ,  0.09545977,  0.04076527, -0.00193231, -0.34616166,  0.24077225,
  -0.19556725, -0.26992267,  0.22136474,  0.1972835 ,  0.01975002,  0.2698859 ,  0.35648414,  0.32705602, -0.13206974,  0.25352624,  0.05291025,  0.43147695, -0.03093208, -0.08911791, -0.15344922,
   0.04732198,  0.11668137,  0.12149057],
 [ 0.08729313,  0.16775925, -0.05563546, -0.21812883, -0.239957  ,  0.24376278,  0.11758058, -0.46395946,  0.27418837,  0.47010878, -0.17897922,  0.08404001, -0.11836452,  0.15707673, -0.2915022 ,
  -0.01786141,  0.24532853,  0.30892792,  0.10662396, -0.08476133, -0.39815027, -0.18938743, -0.11731835, -0.17443344,  0.01488824, -0.08547194,  0.04303034,  0.30065683, -0.10161556, -0.34571674,
  -0.1754269 ,  0.14589712,  0.16948594,  0.1015213 ,  0.32518432, -0.04659077,  0.51304156,  0.20454678, -0.6308719 ,  0.45016465, -0.19174665, -0.2585253 ,  0.13094278, -0.43454513, -0.17386732,
   0.38927463,  0.13905439,  0.20305994],
 [-0.16422765, -0.3845925 ,  0.17670436,  0.23256403,  0.22124834,  0.05226731, -0.24176706,  0.6094424 ,  0.11994686, -0.04347166, -0.04236231,  0.03739937,  0.26740205,  0.04740703,  0.2146283 ,
   0.03784942, -0.02808847,  0.1603126 ,  0.1508215 , -0.04240853, -0.18730174,  0.08543223,  0.01958717, -0.13871793, -0.21060012,  0.10261896,  0.13752377, -0.09000803, -0.14498426, -0.2075638 ,
   0.09556373, -0.20099427,  0.56028366, -0.10257036, -0.6063036 , -0.00754292, -0.01825837,  0.27792963,  0.07203156, -0.2084588 , -0.07159797,  0.08185494, -0.5411786 ,  0.33465543, -0.20779248,
   0.35426095,  0.09811629,  0.15739854],
 [ 0.28735587,  0.14328301,  0.16822155, -0.04110411,  0.09304217, -0.14687446, -0.08585277,  0.49117377, -0.20204839,  0.03857928,  0.02836726, -0.07768862,  0.12860024,  0.14743052, -0.23145479,
   0.02533918, -0.27059183,  0.19713715,  0.04412183,  0.02058247,  0.16475783, -0.06887757,  0.22850549, -0.23711121,  0.35296914, -0.1377278 , -0.42404476, -0.08213373, -0.11049205, -0.0840185 ,
   0.057912  ,  0.27446058, -0.04792648, -0.17290439, -0.28163671, -0.1170457 , -0.47195622, -0.18128328,  0.31101346, -0.2058398 ,  0.15717897, -0.3066205 ,  0.44277397,  0.4594017 ,  0.14775538,
   0.49781317,  0.08894824,  0.19212928],
 [ 0.31548348,  0.04492961, -0.38809437,  0.19724084, -0.1179649 , -0.09938245,  0.07447373,  0.14157023,  0.03753366,  0.15893239, -0.17671429, -0.01067595,  0.21227136,  0.4431978 ,  0.5316089 ,
   0.10824417,  0.21000245,  0.4953948 , -0.16770901,  0.15742496,  0.19208574,  0.36196536, -0.28428534, -0.23485145,  0.00534555,  0.09443191,  0.280716  ,  0.12938595, -0.03785331,  0.10411536,
   0.07526112,  0.4362541 ,  0.04141474, -0.09577085,  0.11240226,  0.04962133, -0.39274833, -0.00391302, -0.02518456, -0.13596797,  0.2588958 , -0.1964199 ,  0.11390465, -0.03696425,  0.02692375,
   0.10294657, -0.3268936 ,  0.04791522],
 [ 0.5722369 , -0.38919082, -0.01440199,  0.28080982,  0.07540482,  0.17199174, -0.5939165 ,  0.14956234, -0.19042206,  0.07746932, -0.00735868,  0.56958324,  0.13667384, -0.02815596, -0.3774232 ,
   0.03028673,  0.20580722, -0.02013797, -0.12641409, -0.14314666,  0.13378535,  0.18984698,  0.34030253, -0.24874997,  0.13149439, -0.03042599, -0.02305855,  0.10045646,  0.10191406,  0.13219203,
  -0.2643678 , -0.18745285,  0.37146708, -0.05514312,  0.0765036 ,  0.26366657,  0.11586077,  0.13663065,  0.22364442, -0.5291659 , -0.12248754,  0.11715145,  0.34691107,  0.01652389, -0.21117912,
  -0.2045215 ,  0.2209653 , -0.0544434 ],
 [-0.00180001,  0.15375754, -0.7253809 ,  0.50009185, -0.18276846,  0.06048409, -0.42617425, -0.10563528,  0.311172  , -0.47904179,  0.28155002, -0.06842402,  0.12179111,  0.1643811 ,  0.11035538,
  -0.21623766, -0.09113729, -0.36538905,  0.12294909,  0.42551377, -0.4561102 , -0.19041148, -0.04544382,  0.04333536,  0.21979408, -0.03805   , -0.07898968,  0.27578267,  0.1654989 ,  0.1347445 ,
   0.02812893,  0.24578805, -0.16407734, -0.19817357,  0.18652524, -0.406259  ,  0.02304488, -0.07913959, -0.35143867, -0.23281689, -0.02724402,  0.2584908 , -0.1632395 ,  0.30334535,  0.01579481,
   0.3275962 , -0.1511229 , -0.0122024 ],
 [ 0.0921209 , -0.04487761,  0.23825604, -0.5518909 ,  0.6056014 ,  0.21444365, -0.04338296, -0.13808042, -0.21660516,  0.16140386,  0.24874541, -0.04063153,  0.2767476 , -0.22681502, -0.2709527 ,
   0.45333531,  0.14777716,  0.34921205, -0.21348493, -0.23088135, -0.08965233, -0.20601471,  0.1763413 , -0.18778151, -0.29291746,  0.03550385, -0.32249653, -0.449866  ,  0.03331431, -0.437305  ,
   0.19381985, -0.34883344, -0.56016845, -0.07344916,  0.03614863,  0.12286877,  0.04300392, -0.26482815,  0.17826529,  0.24003462, -0.30144054, -0.04525153, -0.06861001,  0.0550954 , -0.05123095,
  -0.01696944,  0.16045389, -0.27846327],
 [ 0.18434328,  0.28528318,  0.40853375, -0.5358418 , -0.04572541, -0.49127513, -0.6087659 ,  0.03602326, -0.09978795,  0.07496274,  0.12153193,  0.311974  ,  0.01348011,  0.7308389 ,  0.07660247,
   0.46061975, -0.58320946,  0.3374349 , -0.04519012, -0.4870868 ,  0.10513628, -0.07573888,  0.14501332,  0.2527691 , -0.37228754,  0.25372973,  0.00161987,  0.33821028, -0.05128706, -0.11760222,
   0.00676351,  0.02546518, -0.1656962 , -0.12407618, -0.3067189 , -0.10866127,  0.16907752, -0.03433855,  0.25226632, -0.04635737, -0.3578795 ,  0.14931872, -0.16840579, -0.05834182,  0.30939302,
  -0.2902176 ,  0.04118595, -0.01012959],
 [ 0.17523143,  0.21378835,  0.06595975, -0.09009366,  0.11834312,  0.33391398, -0.00682249, -0.06681403,  0.09704257,  0.00968175, -0.33442736,  0.0598327 , -0.3366906 ,  0.09362016, -0.19928569,
   0.0092187 ,  0.09764848,  0.61347586,  0.1856875 ,  0.3411997 ,  0.46793696,  0.12231398,  0.07142245, -0.26668027, -0.02915748, -0.18077193, -0.10026471,  0.46766585,  0.02865538, -0.21897489,
   0.34363335,  0.23881887,  0.25191337, -0.50153255,  0.48716775, -0.13962868,  0.19448869,  0.63095   ,  0.5388332 , -0.24439053, -0.36112934,  0.35758665,  0.03551395, -0.12522036,  0.15530464,
  -0.04071989,  0.17533104,  0.01674545],
 [ 0.18059698, -0.22363317,  0.3561155 ,  0.17440584,  0.16157435, -0.27941748,  0.4249081 , -0.00342902,  0.18201222, -0.08070612,  2.234446  ,  0.07428184, -0.70498276,  0.14561203,  0.49133536,
   0.13494506, -0.23942706,  0.1624904 ,  0.26487014,  0.12811662, -0.01853178, -0.0605373 , -0.06157744,  0.17444423, -0.351781  , -0.09296829,  0.39890245,  0.4085488 , -0.36953676, -0.2828534 ,
  -0.06765515,  0.22314738, -0.4568686 , -0.01370216, -0.11854479,  0.33149117, -0.41922712,  0.02313515, -0.09840236,  0.36744973,  0.14941317, -0.14645392,  0.21334662, -0.09720721,  0.24983242,
  -0.05926925,  0.26366663,  0.10902049],
 [ 0.8151228 , -0.013224  ,  0.09571557, -0.11985619,  0.00067134, -0.6754588 ,  0.116396  ,  0.33571854,  0.0991575 , -0.32846537, -0.20044678, -0.60754806,  0.24473101, -0.2516283 , -0.00717715,
  -0.03843439,  0.37193176,  0.02132033,  0.20222323,  0.13661595,  0.33985287, -0.05978092,  0.46740383, -0.49641553,  0.21436837, -0.2166549 , -0.12318739,  0.14235356,  0.1403505 ,  0.151607  ,
  -0.3465395 ,  0.36225757, -0.22516178, -0.19182177,  0.15947418, -0.07168029,  0.07706521, -0.5391502 ,  0.07108111,  0.05445797, -0.12746464, -0.518519  , -0.05320207,  1.9915103 , -0.09180725,
  -0.45904362,  0.3986835 , -0.15971538],
 [-0.05555117, -0.6023686 ,  0.39871383, -0.11663748,  0.02461571,  0.28018436, -0.16907606,  0.24081124, -0.5153314 ,  0.13774666,  0.39306054, -0.14510421,  0.2797204 ,  0.45848066, -0.06371046,
  -0.08438207, -0.22457343, -0.12743254, -0.20383997, -0.22477777,  0.2997088 , -0.19748151,  0.06463048,  0.00955836,  0.37452364, -0.12578906,  2.541861  ,  0.19776742,  0.3724374 , -0.12943834,
  -0.15447311, -0.26544526,  0.5590749 ,  0.34611812, -0.01055035,  0.4828598 , -0.02546585,  0.18110262,  0.00254298,  0.09945136,  0.07294036, -0.10624634,  0.27312464,  0.1789881 ,  0.25692365,
   0.08005679, -0.22664247,  0.42734653],
 [-0.06563906,  0.09101675,  0.15884534,  0.08935543,  0.22885425,  0.2683445 , -0.05620838,  0.40636683, -0.06672589,  0.08418726, -0.09691954, -0.16836838,  0.26104778,  0.78047425, -0.09043998,
   0.3038304 , -0.08147783, -0.00262124,  0.43939593, -0.26838383, -0.33453977, -0.02179966,  0.16591401,  0.11591664,  0.09016979,  0.008533  ,  0.19663501, -0.7284181 , -0.18770133, -0.0234031 ,
   0.1761337 ,  0.3724413 , -0.22127493,  0.36426964, -0.11314042, -0.03247745,  0.14535813, -0.05080902,  0.2775294 , -0.10115103, -0.09738375,  0.26299497, -0.1907811 ,  0.06223227, -0.41512066,
   0.45490983,  0.30163798,  0.6875268 ],
 [ 0.33459094, -0.28241256,  0.16716246, -0.22950219,  0.39450938, -0.27528507, -0.28728873, -0.40245286, -0.12209496, -0.17236945, -0.31541228,  0.4974523 ,  0.13247018,  0.10305864,  0.3972911 ,
   0.06406445, -0.18717004, -0.42505243, -0.20126435,  0.3763539 , -0.31383404,  0.08828181,  0.2584813 ,  0.07133621,  0.09974583,  0.16390097,  0.09482022,  0.40226853, -0.26007295,  0.06010622,
  -0.4545601 , -0.51843655, -0.02041776,  0.13584489,  0.40766695,  0.6049479 ,  0.32996517,  0.18179144,  0.03999121, -0.38280702, -0.03650915,  0.3225942 ,  0.22457047, -0.32158354,  0.15350641,
   0.1320982 ,  0.08747253, -0.00696389],
 [ 0.16639599,  0.17432825, -0.16036469,  0.11375351, -0.04734879, -0.37180847, -0.14040177, -0.39092243,  0.24502338,  0.08897234, -0.08887266,  0.35513034,  0.01699773, -0.3578057 , -0.10986964,
   0.40821356, -0.1673689 ,  0.06880532,  0.18596916,  0.14748712,  0.61236495, -0.29407582, -0.26911578, -0.2899386 , -0.07397961,  0.27484435, -0.25793365,  0.27834013,  0.00878167, -0.2772492 ,
  -0.4378425 , -0.38189262, -0.16646335, -0.04228779,  0.33651575,  0.19977206, -0.20973532,  0.10216632,  0.41288656,  0.46847937, -0.0786015 ,  0.23957211,  0.34748885, -0.376768  , -0.12810177,
   0.55500466, -0.07525903, -0.7322378 ],
 [-0.03024045,  0.28115636,  0.00162761,  0.17884098,  0.2345555 , -0.08873437, -0.12984824,  0.03836025,  0.04444473,  0.01351921,  0.02378913, -0.18713653,  0.18757173,  0.14980799, -0.33400208,
  -0.09729058,  0.02326997, -0.13357826,  0.15934299, -0.01672063,  0.04226813, -0.10017733, -0.4983047 , -0.5125871 ,  0.14740239,  0.06672802,  0.10966555,  0.03361821,  0.05364185,  0.24225584,
   0.11115484,  0.26022735,  0.04286546, -0.07509544,  0.04855071, -0.20904447, -0.09496173,  0.04439283,  0.04107958, -0.02660472, -0.34704617,  0.15910238,  0.2085571 ,  0.41092262,  0.110444  ,
   0.00036546, -0.25325736,  0.37300447],
 [ 0.06195825,  0.04834329, -0.06351405, -0.07949239,  0.17206669, -0.25536016,  0.40635797,  0.35188162, -0.08851539, -0.21596614, -0.5038015 , -0.31285346,  0.18247788,  0.07883547,  0.12341339,
  -0.4613949 , -0.0989539 ,  0.3418182 , -0.02400685, -0.3180737 , -0.02790058, -0.19275436,  0.08341976,  0.00513634,  0.13582416, -0.3044809 , -0.11217915,  0.27260858, -0.33857   , -0.250778  ,
   0.04982433,  0.07168246, -0.12221246, -0.06960822,  0.13330638,  0.21240875, -0.2673054 ,  0.09107988,  0.378004  , -0.02897302, -0.26995978, -0.281523  , -0.04018436,  0.25896183, -0.01018896,
   0.04730799, -0.24908543,  0.24577941],
 [-0.28641465, -0.12612411,  0.15747872, -0.5098579 ,  0.04349029, -0.2597684 ,  0.00413735, -0.0880139 ,  0.5264587 , -0.0982803 ,  0.46066284,  0.14673807, -0.20036474,  0.08270273, -0.07610244,
   0.06053937, -0.17847274,  0.42254442,  0.23134953,  0.00794539,  0.4322787 ,  0.01856981,  0.27440625,  0.00957515,  0.0984719 , -0.02035969,  0.02382534,  0.04263296, -0.16743296, -0.10026716,
  -0.05418875,  0.05742775, -0.00764475,  0.29325813,  0.21177958, -0.04908189,  0.34544596,  0.46825516, -0.5109566 ,  0.23307252, -0.17324606,  0.20018701,  0.3095595 , -0.21924815, -0.46308178,
   0.20885852,  0.03385062, -0.4171097 ],
 [ 0.63239115,  0.15610485,  0.16752501,  0.34145445, -0.14520599,  0.03261353, -0.32983047, -0.1519871 ,  0.096415  , -0.41632116, -0.15907238, -0.23198348,  0.03552306,  0.14367531,  0.1855382 ,
   0.24970417,  0.3430292 ,  0.15181136,  0.47183397,  0.02987563, -0.04333029,  0.15182684, -0.05410279,  0.46314117,  0.28274587,  0.18756953,  0.03285484, -0.10186929,  0.17533125, -0.28177437,
   0.38359088, -0.04440918,  0.07627668, -0.22740027,  0.18074657, -0.1134354 ,  0.1623072 ,  0.18934837, -0.16190803, -0.28088227,  0.38297498, -0.04807476,  0.05621221,  0.12136613, -0.31342503,
   0.11566653,  0.02478163, -0.16088268],
 [-0.289134  ,  0.15147139,  0.281928  ,  0.04464763, -0.35861632, -0.26433322, -0.10803093,  0.39115494, -0.06168767, -0.11714223, -0.4183712 , -0.1641712 , -0.3082341 , -0.25079495,  0.02998767,
  -0.10029105,  0.42487362,  0.26950085, -0.15222098, -0.22920446,  0.34566048,  0.41501063, -0.54856205,  0.02321441, -0.06296958,  0.16228004,  0.48566702, -0.12101425, -0.5151746 ,  0.14475192,
   0.34749103, -0.07593995, -0.17625937, -0.10931485,  0.21255134, -0.11361524,  0.08219007,  0.00695073, -0.0188449 ,  0.17532308, -0.11964498, -0.10764664,  0.19940071, -0.24673133, -0.22005504,
  -0.3150786 ,  0.21225272, -0.02630924],
 [-0.3284038 ,  0.21345215, -0.13888554, -0.21791951, -0.04891964,  0.3696809 , -0.09874055,  0.14383471,  0.18177001,  0.11081833,  0.31776792, -0.176779  , -0.2608337 , -0.26574168, -0.0361171 ,
  -0.23676166,  0.03688523,  0.01924711,  0.25464332,  0.07278608, -0.10403796,  0.1027123 , -0.2575485 , -0.00953517,  0.07985031,  0.0323294 ,  0.10376628, -0.1610115 ,  0.28800786,  0.45554224,
  -0.40066904, -0.3038995 ,  0.01077075, -0.06413774,  0.4741031 ,  0.05494608,  0.3481363 , -0.512281  ,  0.20354237, -0.1788792 , -0.18288565, -0.06208951, -0.35614592,  0.11069638,  0.04767874,
   0.06654806,  0.22175775,  0.37869552],
 [-0.09092776,  0.11933766,  0.07324705,  0.09440362,  0.09814942,  0.39762583, -0.11491922, -0.38143396, -0.17446844,  0.18931673,  0.00583238, -0.11689983, -0.26912433,  0.05532153,  0.16112657,
   0.07646801, -0.06333258,  0.03666032,  0.03521074,  0.04742423, -0.29607624,  0.04933159, -0.11014912,  0.26015466,  0.03322966,  0.2088698 , -0.07544535, -0.06642846,  0.3735628 ,  0.10908379,
  -0.17862864,  0.22424361, -0.13332619,  0.05642454,  0.45916867, -0.3578206 , -0.04394548,  0.10206791,  0.19117458, -0.3103085 , -0.38394758,  0.27268735, -0.18010372, -0.19057062,  0.38756242,
   0.01742558,  0.01905956, -0.04494986],
 [-0.30599552,  0.16892424,  0.10236263,  0.04217283, -0.02908076, -0.07307991,  0.22812085, -0.03532327, -0.01601526,  0.13247329,  0.05199023,  0.410569  , -0.44034168,  0.07497686, -0.17640145,
  -0.23552163, -0.11426605,  0.01366985,  0.02476727, -0.37932655, -0.13527095,  0.07030538, -0.21923262, -0.27869597, -0.5640331 , -0.16579837, -0.2874073 , -0.24598323, -0.06795508, -0.14995722,
  -0.2915595 , -0.5289604 ,  0.07557783,  0.1882068 , -0.09918624, -0.06644393,  0.00070263,  0.3946959 , -0.39192694, -0.10362243, -0.43049324,  0.09057961, -0.0359896 ,  0.05074803,  0.03828064,
   0.24767706,  0.13453324,  0.20762698],
 [-0.26638368,  0.29829273, -0.18059069, -0.16621739,  0.06771065,  0.07547957, -0.2679642 , -0.04331982,  0.37205884, -0.36708415,  0.3713048 , -0.06042461, -0.5844387 , -0.34168294, -0.24086939,
  -0.15598233, -0.02617832, -0.67587006,  0.0467011 , -0.26377264,  0.34763065, -0.06754418,  0.23571154,  0.27758723,  0.27081832, -0.14160168, -0.14480004, -0.05624333,  0.15905935, -0.12767382,
  -0.02981562,  0.06839845, -0.22622298, -0.24202707, -0.03956597, -0.0064553 ,  0.10847137,  0.16797164, -0.2747657 , -0.20302123, -0.24268807,  0.35311186, -0.03006765,  0.00403232,  0.01444359,
  -0.1789175 ,  0.3910674 ,  0.10275666],
 [ 0.00989763, -0.2763141 , -0.29048312, -0.07722688, -0.17499796, -0.26686108, -0.09273951, -0.05410701,  0.03544635, -0.12597987, -0.25190017, -0.24323022,  0.3032432 , -0.31293944,  0.09079558,
   0.12988658, -0.03031887,  0.44195727,  0.12542975,  0.46072575, -0.162766  , -0.15848635,  0.13188429, -0.06536641,  0.42141634,  0.08542509, -0.26114357, -0.4342041 , -0.01955965, -0.02228078,
   0.07844148,  0.30267265,  0.2697783 , -0.14472526, -0.32345486, -0.30853027, -0.18420042, -0.09168289,  0.07626554, -0.2002419 ,  0.07009799,  0.09051003,  0.03583597, -0.28215575,  0.11695668,
   0.52031744,  0.06147421, -0.7382688 ],
 [ 0.31021988, -0.17568694,  0.5664282 ,  0.02909086, -0.42117518, -0.5161744 ,  0.3849352 ,  0.27647623,  0.5565047 ,  0.00273112, -0.01413247, -0.0956797 , -0.16457257, -0.09810739,  0.05436583,
  -0.2109752 , -0.41732234,  0.03996916, -0.2165489 , -0.80985945,  0.13814184, -0.27701476,  0.16544737,  0.15946202,  0.0708975 ,  0.62420446, -0.03451296, -0.07140989,  0.1709181 , -0.01386184,
   0.29012337, -0.31720147, -0.31304362,  0.19145237, -0.29120272,  0.15227465,  0.09250071, -0.17362207,  0.09179254, -0.3086481 , -0.24997498, -0.05929694,  0.01973196, -0.07590964,  0.10827899,
   0.0971166 ,  0.3823417 , -0.02382134],
 [ 0.29864085,  0.23018138,  0.5734943 , -0.0318145 , -0.10508968,  0.31442356,  0.09635814,  0.3204148 ,  0.1791997 , -0.52669054,  0.09408044,  0.07780398,  0.03327673, -0.03306076, -0.39803588,
   0.21854423,  0.0934421 ,  0.27548918, -0.38468888,  0.12678362, -0.05866484,  0.035947  , -0.05578991,  2.6433923 , -0.04071828, -0.26297873,  0.02160635, -0.05354363, -0.0208484 , -0.79695284,
   0.17065902, -0.0786659 , -0.3370384 ,  0.23064087,  0.15909143, -0.08183005, -0.28804234,  0.04450768,  0.03077652,  0.23108357, -0.11093388,  0.29873052, -0.13506325, -0.33645794, -0.28307068,
  -0.01560288, -0.01637863,  0.08196528],
 [-0.02259351,  0.24432963, -0.06527352, -0.49906906, -0.03027417, -0.5016947 ,  0.06784774,  0.26429826, -0.24655612,  0.35463917,  0.21070781,  0.30162004,  0.04739096, -0.2481913 ,  0.19520386,
  -0.15615022,  0.02947113, -0.04283775,  0.28117397,  0.18258175, -0.02014145, -0.4879018 , -0.15880686,  0.17605557,  0.07002757, -0.3758055 , -0.45164698,  0.04887729, -0.2642643 , -0.24019912,
   0.16815193,  0.3005597 , -0.1876755 , -0.01119008, -0.01856167, -0.04105103,  0.01014962,  0.18912473, -0.16848108, -0.38131937,  0.4225025 ,  0.27235547, -0.27590945,  0.033908  ,  0.25267553,
   0.18726099,  0.11550333, -0.04255672],
 [ 0.431826  ,  0.05521472, -0.12873982,  0.21776894,  0.02401466,  0.08744943,  0.0507873 ,  0.12419389, -0.24461406, -0.3627766 ,  0.35853317,  0.06239614,  0.19271182, -0.4399398 ,  0.26667076,
  -0.1303714 , -0.20155454, -0.01584329, -0.24449505, -0.00043292, -0.03408459,  0.265099  ,  0.37833613,  0.37037894, -0.56612873, -0.23379171, -0.5687217 , -0.29838556, -0.16237955,  0.10264041,
  -0.1299833 , -0.12301752,  0.04544117, -0.42732742, -0.20964828, -0.12588915, -0.0506005 ,  0.0192385 ,  0.37516245,  0.22708404, -0.1923275 , -0.06533226, -0.08235978, -0.12853813,  0.06812896,
  -0.4649449 ,  0.2201786 ,  0.4233877 ],
 [-0.06746013, -0.07234111,  0.03926106,  0.25484648, -0.08107343,  0.2334863 ,  0.12212367,  0.59040284, -0.0821655 , -0.4940001 , -0.3582348 ,  0.00298206,  0.25697052, -0.16312729, -0.05773311,
   0.17121069, -0.24130815, -0.15281735, -0.29193166,  0.29455703,  0.3854182 , -0.39485374, -0.03554637,  0.35181475,  0.09967379, -0.12230981, -0.38654053,  0.28823614,  0.0901288 , -0.3682466 ,
   0.29747277, -0.4001009 , -0.05512154, -0.06615368,  0.40459535, -0.06526155, -0.06616067, -0.3407696 , -0.16009942, -0.20432386, -0.1913056 ,  0.00157113, -0.6085441 , -0.37755758, -0.02775472,
   0.03031367, -0.0583582 , -0.01019862],
 [-0.10227916, -0.00462615,  0.10853556,  0.10678343, -0.1722396 ,  0.22877368,  0.03927717,  0.3080535 ,  0.3582181 , -0.36068168, -0.21475689,  0.203387  , -0.4162231 ,  0.35504425, -0.08597055,
   0.14375825, -0.02909767, -0.34809738,  0.26388615,  0.6876808 , -0.12875207, -0.08058964, -0.6622749 ,  0.33787572,  0.22794133, -0.43334597, -0.51622134, -0.48730782,  0.16129228,  0.18624786,
  -0.23083349,  0.12481501,  0.03971928, -0.09181742,  0.24254921, -0.3012339 ,  0.2868848 , -0.18213038,  0.44538417, -0.2513265 , -0.08789302,  0.01464678,  0.01307964,  0.12270713, -0.3214206 ,
  -0.0093281 ,  0.03453293, -0.13193455],
 [ 0.10101465, -0.33659247, -0.08161347, -0.18829603, -0.08085773,  0.36175886,  0.36661392,  0.31760412, -0.11556432,  0.22690457,  0.02809053,  0.01139743, -0.01934034,  0.43960446,  0.34145966,
   0.1862241 , -0.04257524,  0.00989019,  0.13264166, -0.13040222,  0.23457892, -0.23031127,  0.09796092, -0.5724289 , -0.13765463,  0.5194193 ,  0.25904787,  0.3838671 , -0.16682692,  0.02594321,
   0.32049805,  0.15827373,  0.12714148,  0.4076455 , -0.26011375, -0.04605951, -0.4385214 , -0.2737765 ,  0.26854634, -0.22933732,  0.18388106,  0.41462126, -0.04448454,  0.12996586,  0.18582803,
  -0.30537376, -0.15411308, -0.2509153 ],
 [-0.13418078,  0.17902768, -0.14879918, -0.00878831, -0.2606154 ,  0.30660555, -0.1362775 ,  0.38074514,  0.01523227, -0.3517499 , -0.04275669, -0.2656942 ,  0.14733735, -0.0653407 ,  0.04080256,
  -0.09233828, -0.13883558, -0.2434055 ,  0.20905574, -0.04328828, -0.07867272, -0.04955348, -0.16971545, -0.07783785,  0.05140745, -0.25853425, -0.22233799,  0.34457102, -0.09068913, -0.1378902 ,
  -0.3359679 ,  0.2126694 , -0.26398146, -0.00382317, -0.42704627,  0.2045432 ,  0.29421407,  0.12113009, -0.38362002,  0.20969054, -0.20683725, -0.29274297, -0.09586526, -0.10084192, -0.12626216,
   0.31841856,  0.5029565 , -0.34228414],
 [-0.1722081 ,  0.03568709, -0.09717912,  0.09984969,  0.22899634,  0.18734148,  0.1524334 ,  0.41477388, -0.39723682,  0.37002718, -0.10324791,  0.1962813 , -0.25741655, -0.2271241 ,  0.16552933,
  -0.4821825 ,  0.24736051,  0.31499088,  0.04444622,  0.03544026, -0.20840904,  0.16861235,  0.08691631, -0.23037635, -0.09786998, -0.03983385, -0.09820055, -0.34072787,  0.17475508, -0.06087761,
   0.00384119, -0.14456664,  0.11881787,  0.04967405,  0.3031961 ,  0.12014968, -0.0506711 , -0.1849292 ,  0.21648817, -0.07064402, -0.04292939, -0.0429929 , -0.10040193, -0.03863475,  0.4815519 ,
  -0.2619555 , -0.20362605,  0.3460811 ],
 [-0.09370109, -0.11265532,  0.25871596, -0.3550489 ,  0.2053636 ,  0.01140411,  0.11620053,  0.11150774, -0.15699564,  0.26279595, -0.13753442,  0.10221226,  0.30943114,  0.34472543, -0.06678158,
   0.11578382, -0.0898722 ,  0.6259491 ,  0.19503151,  0.02101461,  0.07814054,  0.10177635,  0.10918588, -0.05999956, -0.09858183, -0.03796334, -0.28492293,  0.1795686 , -0.20042627, -0.26498753,
  -0.00358862, -0.03253066,  0.06240862, -0.14205134, -0.09813564,  0.17302987,  0.1578043 ,  0.14738126,  0.0084919 ,  0.04223065,  0.05760972, -0.16401044,  0.36851165,  0.332897  ,  0.1985614 ,
  -0.1064654 ,  0.13478602,  0.24459249],
 [-0.30579922,  0.42362794, -0.4348469 ,  0.17615145,  0.3633206 , -0.02826587, -0.0376161 ,  0.1669152 ,  0.46297047, -0.07026691, -0.1952388 , -0.10594387, -0.3881285 ,  0.22443947, -0.12852076,
  -0.05208479,  0.22740528, -0.09422758,  0.1897726 , -0.25952214,  0.23967986,  0.08547626, -0.02214476,  0.03272337, -0.32169032,  0.02700019, -0.03541745, -0.31485814, -0.16776885, -0.03231131,
  -0.15182304, -0.6030285 ,  0.26909688, -0.03552247, -0.5684875 ,  0.53374076,  0.3103481 , -0.08724552, -0.21062437,  0.1007978 ,  0.0505817 ,  0.13552248, -0.20990507,  0.274443  , -0.11836553,
   0.17019144, -0.19923481,  0.662036  ],
 [ 0.17388083,  0.7210581 ,  0.20690049, -0.14036609,  0.2073452 ,  0.22514446,  0.09333104,  0.15759812,  0.19043179, -0.24842025, -0.2662146 , -0.19855425,  0.0318856 , -0.05579279, -0.24389264,
   0.19382855,  0.0707612 ,  0.04223225, -0.06449733, -0.09455702, -0.2103328 ,  0.23343508, -0.17587322,  0.05234762,  0.4155026 , -0.08306444,  0.24017553,  0.14217725,  0.07786689,  0.10758711,
  -0.02372664,  0.00869399, -0.13702849,  0.01036428, -0.1463065 ,  0.25141376, -0.42487437,  0.12026332,  0.08414668,  0.06150399,  0.25612473, -0.0715309 ,  0.06385846, -0.42913547, -0.10382922,
   0.21393411, -0.33479044,  0.03993584],
 [-0.16937926, -0.02774674, -0.15441938, -0.3117989 ,  0.09650083, -0.01239919,  0.15315728,  0.19860947,  0.30631468,  0.03337169,  0.31715524, -0.24394363,  0.22723995,  0.1148476 ,  0.05827316,
   0.11118306, -0.24018472, -0.2991867 ,  0.42745703, -0.04218055, -0.04574836, -0.27557737, -0.37044457, -0.02207972, -0.08539698,  0.00043359,  0.02178849,  0.6223653 , -0.084645  ,  0.39498502,
   0.41050604,  0.18840607, -0.05878158, -0.3403681 ,  0.11948597,  0.25470302,  0.43692186, -0.23748949, -0.0608816 , -0.23596615, -0.1583695 ,  0.16609688, -0.1698262 , -0.2060678 ,  0.19924897,
   0.1126847 ,  0.0875028 , -0.16322184],
 [ 0.3232558 ,  0.00362255,  0.59504753,  0.04029154, -0.58333695, -0.5944689 ,  0.15598749,  0.32512355, -0.19595703,  0.5252447 ,  0.41574973,  0.05263669,  0.13486348,  0.22363256,  0.47249871,
   0.17053398,  0.04698291,  0.1680753 ,  0.13434008,  0.23110254, -0.39250582,  0.07896336,  0.11511013, -0.01821179,  0.19604161,  0.4802919 ,  0.03455428,  0.17293027,  3.3080583 ,  0.04039112,
  -0.2221158 ,  0.15394472, -0.5504165 , -0.57459176,  0.08325301, -0.5862426 , -0.32879195, -0.09502464, -0.18035409, -0.03695163,  0.27821752,  0.0596202 , -0.2098301 ,  0.33861026, -0.3572143 ,
   0.05547088, -0.3850215 ,  0.06307948],
 [-0.07965685,  0.2705595 ,  0.18017237, -0.14678483, -0.19473492, -0.07877418,  0.46889287,  0.40476713, -0.24206704,  0.20005633, -0.43285787, -0.11183561, -0.2318911 ,  0.26731986, -0.32267937,
   0.10733756,  0.00017753, -0.04386221,  0.41789573,  0.4399243 , -0.0360982 , -0.08647908, -0.37671834, -0.00106475,  0.4883258 , -0.03218383,  0.18218982, -0.34937432, -0.10869373,  0.11561633,
   0.0264656 ,  0.20616683, -0.15066797, -0.43749714,  0.28052256, -0.23403732,  0.126651  ,  0.11271422, -0.4159383 ,  0.26228136, -0.1416418 ,  0.01376366, -0.08954564,  0.40564787,  0.33587256,
  -0.45308363,  0.5647068 , -0.16957669],
 [ 0.5256092 , -0.0640524 , -0.08522917, -0.06183193, -0.10019741,  0.6310991 , -0.0190908 , -0.07557411,  0.01925269, -0.2418338 ,  0.39928013, -0.3677702 , -0.15350215,  0.23416507,  0.01058803,
   0.1373038 ,  0.38329104,  0.2509504 ,  0.03436908,  0.52233565, -0.15708403, -0.02507741, -0.00761008, -0.02560544, -0.26730266, -0.39591247,  0.10430039, -0.15836845,  0.4769522 , -0.01813558,
  -0.06287231,  0.27358493,  0.10054816, -0.04387936, -0.16018294,  0.91442543,  0.09044644,  0.2711074 , -0.25573638, -0.14449635,  0.5280865 ,  0.34923273,  0.11440553, -0.09539273, -0.05850894,
  -0.16902769, -0.28921235,  0.23096104],
 [ 0.13470781,  0.1840197 , -0.0842245 ,  0.06390975, -0.10801094, -0.18182701,  0.4167656 ,  0.03037682,  0.12686358,  0.20893851,  0.03351022,  0.06015819, -0.2716563 , -0.22402875, -0.23695369,
   0.15136461,  0.01772266, -0.22400789,  0.14502472,  0.13586411, -0.1737415 , -0.00695689,  0.13678542, -0.21458884,  0.1415567 ,  0.0752559 , -0.24979992,  0.05494918,  0.09141215, -0.15650028,
  -0.13682091, -0.25210497, -0.11224974, -0.0030205 , -0.13613054, -0.371222  , -0.172147  , -0.10432303,  0.20420967,  0.14869122,  0.20905527, -0.18475473,  0.03538769, -0.60576165,  0.1072301 ,
   0.15272442, -0.08790629,  0.07385746],
 [-0.37873107, -0.20026675,  0.1913623 ,  0.12781332, -0.10296363,  0.20284058,  0.03457453, -0.12605524, -0.04570683, -0.11385442, -0.29594398,  0.31417146, -0.14200611, -0.20809017, -0.3823371 ,
  -0.658992  ,  0.17537421,  0.19840217,  0.29825965, -0.03725983, -0.08049813, -0.12693077, -0.10413941,  0.27994758, -0.00662881,  0.0945177 , -0.11050171,  0.33021197, -0.47618473, -0.30513105,
   0.09492763,  0.43765268, -0.05627505, -0.2105927 ,  0.25016567,  0.08092461,  0.32255346, -0.32258776,  0.30291712, -0.38711438, -0.07204304,  0.10319569,  0.04650334,  0.26514807, -0.456665  ,
   0.03525187,  0.29991052,  0.01482356],
 [-0.28558493,  0.25187686, -0.16207756, -0.20608075, -0.23753394, -0.04967128,  0.04576505, -0.31727502, -0.26591146, -0.17362072, -0.23874716,  0.00918956,  0.0903054 ,  0.05596845,  0.05633297,
   0.4177479 ,  0.1059209 ,  0.19599107, -0.10365394,  0.23600154, -0.11558813,  0.10286208, -0.3428417 ,  0.04155853, -0.24384506,  0.23400891,  0.21896912, -0.11665685,  0.5123937 , -0.07146958,
  -0.40300474, -0.19477949, -0.26103526,  0.09490053, -0.30884075, -0.1348035 ,  0.07863804,  0.03466147, -0.00316095,  0.03150013, -0.09262502, -0.400938  , -0.09920955,  0.11718745, -0.03423375,
   0.09787209, -0.14669576,  0.24858402],
 [-0.63907945,  0.03536013,  0.33722007,  0.37442464, -0.05795654, -0.33154953,  0.3416182 , -0.01296629, -0.03974238, -0.22321366, -0.31247187,  0.14096579,  0.16746786,  0.050386  , -0.19101144,
  -0.26624972, -0.35806218, -0.14013629, -0.25146338, -0.42732742,  0.16283625, -0.32976598,  0.24598067,  0.09851792,  0.07358529,  0.41632727, -0.32145065,  0.218443  , -0.07441064,  0.64276755,
  -0.09519861, -0.13557708,  0.10638394, -0.05222713, -0.18961574, -0.2425692 ,  0.36455113, -0.29086542,  0.05577189,  0.26404604,  0.27612373, -0.1504131 , -0.0515462 , -0.10004838, -0.3837547 ,
   0.13437934,  0.00962591,  0.36014628],
 [-0.20580128,  0.27217415,  0.28980854,  0.01176792, -0.5427154 , -0.12814191,  0.4464678 ,  0.07426395,  0.17334993, -0.02229165, -0.05586073, -0.46683615,  0.19868481,  0.2699203 , -0.23771557,
  -0.04471378, -0.07843532,  0.10503832, -0.13609089,  0.23283523,  0.01783108, -0.63735574,  0.11068007,  0.24908775, -0.28801543,  0.10218173,  0.4574899 ,  0.02801659,  0.28540722, -0.11053874,
  -0.00449107, -0.05115532, -0.09678011, -0.03693051, -0.40767044, -0.08272003,  0.33445162, -0.24092251, -0.26653332,  0.01530309,  0.02779579,  0.09436618, -0.02843464,  0.01796604, -0.08772119,
  -0.31894904, -0.01784797,  0.18114924],
 [ 0.12876366, -0.43606052,  0.06298134, -0.22319238,  0.348041  ,  0.08156744,  0.224071  ,  0.00529204, -0.01651375,  0.37396124,  0.2431936 ,  0.02946466, -0.04991661, -0.4267937 ,  0.08114188,
  -0.03152599,  0.13848901,  0.21445471,  0.30823028,  0.08424823, -0.26159012, -0.53732836, -0.20617497,  0.33337212,  0.45587286, -0.05947519, -0.3652398 , -0.1621034 ,  0.28445145, -0.1477533 ,
   0.14728099,  0.04213957,  0.17750081,  0.45450276,  0.14744537,  0.03672907,  0.4820934 ,  0.08738802, -0.19823687,  0.17186633,  0.11186389, -0.07697558, -0.12939651, -0.07456487, -0.13297234,
  -0.06643996, -0.21069916,  0.09653867],
 [ 0.07780033,  0.08630045, -0.01559233, -0.04441581,  0.36050144,  0.01685147,  0.31594172, -0.249104  ,  0.14729446, -0.18367577, -0.13903798, -0.10297646, -0.11864974, -0.11740117,  0.3043188 ,
   0.01135279,  0.05626385, -0.11428999,  0.21423483,  0.08876407,  1.9506625 , -0.396071  ,  0.05407412,  0.14391989, -0.24471197, -0.07384866,  0.13429013, -0.39273202, -0.16221304,  0.09422723,
   0.27625462,  0.54644495,  0.4896637 ,  0.03594237, -0.12105672,  0.23078057, -0.13589823, -0.19052382, -0.07631651, -0.10766833,  0.10315765, -0.1506004 ,  0.02128051,  0.39873835,  0.03053518,
   0.37918556,  0.30051416,  0.14801006],
 [-0.0885382 ,  0.260127  , -0.06249373, -0.00050241,  0.08254967, -0.00134187, -0.18006693, -0.38177472,  0.23978323,  0.14258553, -0.43015274, -0.18669684,  0.04476636,  0.11064309, -0.37961343,
  -0.02230967,  0.13491365, -0.08787795,  0.06395742, -0.12188797,  0.2272991 , -0.19982143, -0.28551957,  0.00723172, -0.35838148, -0.5262778 ,  0.27093384, -0.24605612, -0.3334129 , -0.20293969,
  -0.21416266, -0.03552787, -0.2733717 ,  0.12454654,  0.16155854, -0.31874785, -0.15452416, -0.1307643 , -0.04125184,  0.2706709 ,  0.28507835,  0.6247168 , -0.5673435 , -0.23107393,  0.4535023 ,
  -0.45017508,  0.44781625,  0.03683782],
 [ 0.04603319, -0.3199495 , -0.11279081,  0.43684408, -0.01192078, -0.11112475,  0.1014298 , -0.0480544 ,  0.08628779, -0.21243533, -0.01928816, -0.16026907, -0.45099166,  0.12048945, -0.30844322,
  -0.04118523,  0.23151706, -0.37445337,  0.15117103, -0.07495336, -0.24163085,  0.5057308 , -0.00013907, -0.14202322, -0.19505323,  0.22029062, -0.15301406,  0.18912953, -0.00061996,  0.279047  ,
  -0.26063487, -0.22576581, -0.07025133, -0.04951663, -0.08863926,  0.6578601 ,  0.51581174,  0.07476377,  0.10424302, -0.05910804, -0.2624564 , -0.04551806,  0.19277944,  0.3264067 ,  0.2489271 ,
  -0.37744358, -0.07230692, -0.36721689],
 [ 0.29221088, -0.1030961 , -0.01177753,  0.12001257,  0.691535  ,  0.06706873, -0.05956776, -0.31026053,  0.36465988, -0.04540912,  0.41428563,  0.27640328, -0.11573903, -0.34806904,  0.06814228,
  -0.15372588,  0.00983646,  0.2622624 , -0.41339552,  0.06615346,  2.0712879 ,  0.20202763, -0.34088555,  0.10483412,  0.30088416,  0.08580845, -0.02892355,  1.8223794 , -0.17357971, -0.38245824,
  -0.05014945,  0.1337613 ,  0.25973418,  0.13262564,  0.20895527,  0.26132786, -0.08484425, -0.03698482,  0.32179195, -0.30253926,  0.10728321, -0.17917721,  0.2750654 , -0.00448387,  0.00189848,
   0.43221998, -0.2690107 ,  0.05395487]]

  Параметр #2, форма: (48,)
  Значения: [ 0.01717932,  0.27039915,  0.24372585,  0.19544198,  0.3771658 ,  0.12361477,  0.16625327,  0.12071558,  0.0961358 ,  0.05915948, -0.05952856, -0.18701674, -0.01959809,  0.08486605,  0.01083929,
 -0.15980035, -0.02488246, -0.03270042, -0.0093532 ,  0.0736373 ,  0.1059387 , -0.07500771,  0.14716817,  0.16974571,  0.04804529,  0.09971254,  0.14763471, -0.1646467 ,  0.1582097 , -0.11850913,
 -0.10390525,  0.02944338, -0.321606  ,  0.02634305,  0.14726715, -0.24688858,  0.1633514 , -0.10481814,  0.03102927, -0.08303618,  0.08593778,  0.15374213,  0.09705155, -0.00059717, -0.0713783 ,
 -0.0103953 ,  0.09839572,  0.10353996]

--------------------------------------------------------------------------------
Слой: dense_hidden_layer_2 (Dense)
  Параметр #1, форма: (48, 32)
  Значения: [[ 0.11016531, -0.2565155 , -0.00460449, -0.1266858 ,  0.1329858 , -0.15299435,  0.09041075, -0.05643755, -0.37581924,  0.18619186, -0.00505744,  0.25519547, -0.3330618 , -0.05830426, -0.04328088,
   0.05404126, -0.26503745,  0.10880757,  0.38233247,  0.09490747,  0.01857448, -0.27549148, -0.15484922, -0.01116898, -0.1059553 ,  0.20525129,  0.10674064,  0.5384757 , -0.19617169,  0.00662292,
  -0.27669847, -0.44448817],
 [ 0.1445442 ,  0.09932308, -0.17091809,  0.01860592, -0.12585352, -0.09884149, -0.06405693, -0.17931303, -0.14332998, -0.13768709,  0.08457577, -0.554844  , -0.04552585, -0.21753637, -0.21031053,
  -0.10513067, -0.00286794, -0.04288237, -0.2128121 ,  0.14433931, -0.1805208 , -0.14694124,  0.05689836,  0.06407371, -0.12233993, -0.5872324 , -0.17709817,  0.03237764,  0.13772161, -0.01585933,
  -0.09579721,  0.4586422 ],
 [-0.07449722,  0.12244654, -0.26701042, -0.21803357,  0.12946512,  0.20891225, -0.07794338, -0.36972713, -0.03351147,  0.03788118,  0.01976361, -0.11267793, -0.03057682, -0.14995536, -0.22236764,
   0.1511337 ,  0.01955966, -0.03013671, -0.10142955, -0.03603471,  0.03206329,  0.34573632,  0.13090737, -0.13326183, -0.13115275, -0.16233622, -0.04010411, -0.1624903 ,  0.09496475, -0.5287033 ,
   0.10703366,  0.0550755 ],
 [ 0.2525485 ,  0.17535791, -0.13673955,  0.15285961, -0.0336135 , -0.38686135,  0.03176639, -0.12485068,  0.0000443 ,  0.33028996,  0.04495738, -0.20346697,  0.192883  ,  0.07250851, -0.22703236,
  -0.32124755, -0.19546752,  0.16726036, -0.06032043,  0.0162285 , -0.26770595,  0.1726438 , -0.40303674, -0.1310755 ,  0.08369277, -0.22452629,  0.12282585, -0.1738388 , -0.24521412,  0.2572964 ,
   0.03078604,  0.10380722],
 [ 0.20364192, -0.5238598 ,  0.12695652, -0.15220504, -0.12585455,  0.08748822, -0.07260816,  0.11890422, -0.00816859,  0.0336418 , -0.09804432, -0.21298666, -0.14806351, -0.02056483,  0.36744767,
   0.2943813 , -0.1306592 ,  0.01205154, -0.0575446 ,  0.02605332,  0.05178255,  0.105503  , -0.58022773,  0.07329974, -0.07978421, -0.14098759,  0.15885134,  0.29336488,  0.13780063, -0.10371032,
  -0.21520112, -0.60124886],
 [ 0.0365032 ,  0.11580322, -0.0203727 ,  0.18674923, -0.26403806, -0.03424779, -0.05006019, -0.02202174,  0.23358633, -0.02096844, -0.05895849, -0.1873387 ,  0.2657159 , -0.28623924, -0.11059988,
   0.3387874 ,  0.09364866, -0.00403533,  0.00433841, -0.1892756 , -0.01370545, -0.06997317,  0.03592572, -0.30124828,  0.07957041,  0.20332594, -0.04076463,  0.12941968,  0.06206926, -0.12154803,
  -0.21170513, -0.1836777 ],
 [ 0.05857851, -0.01122903,  0.2550186 ,  0.15817402,  0.157757  ,  0.05261616, -0.1924398 ,  0.06506786,  0.01277063, -0.22767627,  0.24198985,  0.22045788, -0.22882983, -0.12755898, -0.10999005,
   0.12197031,  0.09894504,  0.00888144,  0.05477146, -0.25752643,  0.07627226, -0.02017708, -0.13580863, -0.30650127,  0.00539223,  0.07139198, -0.34049636,  0.00369721,  0.02444795, -0.11084591,
   0.07596764, -0.02653248],
 [ 0.0566342 ,  0.10684939,  0.10696138,  0.2033641 ,  0.06766504, -0.09540815, -0.12955801, -0.21266174,  0.03023593,  0.26426235, -0.07169052,  0.08992165, -0.150456  ,  0.03896098,  0.25186944,
   0.13724959, -0.3141624 ,  0.11413896,  0.12324516,  0.03469739,  0.13350442, -0.16670041,  0.01265263,  0.22203478,  0.2039899 ,  0.10960899, -0.17659904, -0.20809275,  0.02290873,  0.03615485,
  -0.02007435, -0.160957  ],
 [ 0.08739222,  0.02203307,  0.05796487,  0.11868675, -0.05472996, -0.09775168,  0.22151306, -0.1514717 , -0.09383484,  0.24684957, -0.10940485, -0.01972353, -0.08239397, -0.3566443 , -0.02466153,
  -0.20212436,  0.05091609,  0.2211277 , -0.44283473, -0.0813834 ,  0.09046464, -0.4366698 ,  0.26725307,  0.07597841,  0.21664256, -0.11278957, -0.08866415, -0.03218727,  0.4276418 ,  0.26362106,
   0.02646954,  0.05088035],
 [ 0.12698077,  0.47831097,  0.07654396,  0.00919188, -0.06771968,  0.04698305, -0.11740436,  0.09921847, -0.28651932, -0.05210012,  0.14692657,  0.07382473, -0.09252492, -0.0464049 ,  0.20706694,
  -0.24208035, -0.24091873, -0.1859268 , -0.00213557, -0.2713476 ,  0.19060032, -0.18485849,  0.04487111, -0.11581462, -0.01309942, -0.32066917,  0.20026325, -0.1922996 , -0.21324335,  0.4758018 ,
   0.11086147,  0.19248328],
 [ 0.09177828, -0.09049612, -0.26136997, -0.05976408, -0.19563186, -0.18362303, -0.31663746,  0.02289519,  0.31468242,  0.11162735,  2.1915488 , -0.00811437, -0.6095555 , -0.08476708, -0.28533518,
   0.02688251, -0.0519952 , -0.17386091,  0.02237934,  0.02065583,  0.3037248 ,  0.1372835 ,  0.04339456, -0.1895029 , -0.21468782,  0.1197696 , -0.04001388,  0.04987312,  0.1956001 , -0.30262774,
   0.27940708,  0.19387636],
 [-0.41088805,  0.4706185 ,  0.06427526, -0.09570766,  0.10381244, -0.19549492,  0.10922567, -0.15869929,  0.4040719 ,  0.01202004,  0.1299646 , -0.15721302,  0.1632992 , -0.00251601, -0.28237033,
  -0.04775254,  0.3862222 ,  0.1717954 , -0.07579502, -0.37383315, -0.16649823, -0.2812948 , -0.3690016 ,  0.15711823,  0.01247748,  0.3590217 , -0.19952838, -0.00045619, -0.27883488, -0.11897467,
  -0.04442199, -0.07493079],
 [ 0.01070813,  0.19432192,  0.17328352, -0.15386692, -0.00607082,  0.15881927,  0.2071473 , -0.13223134,  0.14163288,  0.0662293 , -0.21319783,  0.16003159,  0.03030864, -0.34827814, -0.05877071,
   0.00797151, -0.1211649 ,  0.24564569,  0.2528937 , -0.07649803, -0.0984451 , -0.02624694, -0.04001611, -0.11850038, -0.7417593 ,  0.35096237,  0.00008359, -0.03566202,  0.06503382, -0.01601155,
  -0.08606317, -0.2011292 ],
 [-0.36772254, -0.27087578, -0.22333482,  0.13018443,  0.14492463, -0.17635982, -0.5327308 ,  0.00182414, -0.08430845, -0.08925249,  0.1911875 ,  0.02773052, -0.19527593, -0.24128261, -0.05252227,
  -0.18128255, -0.01447952,  0.2052284 , -0.27595648,  0.01755589,  0.18301   , -0.01723747,  0.14431618, -0.0574545 ,  0.03416562,  0.08815698, -0.11440049,  0.39813522,  0.11551604,  0.2605971 ,
   0.21420479,  0.06545785],
 [ 0.27715787,  0.03758294, -0.14595506,  0.00296385, -0.20123339, -0.42034087, -0.17050844,  0.01457631,  0.21238495, -0.17110384,  0.20203249, -0.2421366 , -0.1839045 ,  0.2898313 ,  0.0095242 ,
  -0.03472439,  0.047056  , -0.24128065, -0.06616963,  0.00053223,  0.24627618, -0.33408344,  0.35259807, -0.02492955, -0.22211125, -0.25832695,  0.05462986, -0.2694419 , -0.11202471, -0.04998061,
   0.22873515,  0.2036907 ],
 [-0.12859848, -0.04253663, -0.319077  , -0.4078191 , -0.2458105 ,  0.22461948,  0.15601614,  0.07668725, -0.2915249 , -0.14233191, -0.1715642 , -0.03319968, -0.04581071, -0.20039137,  0.06984336,
   0.04578928, -0.14576462,  0.06085568,  0.22485708,  0.28561217,  0.09813243,  0.09225359, -0.04802778,  0.20594259, -0.21407029,  0.18277003, -0.05752095,  0.29818738,  0.11764129, -0.01357325,
  -0.04729753,  0.10512257],
 [ 0.09542487, -0.0796686 ,  0.01836715,  0.17927802, -0.27267125,  0.14517565,  0.10424291,  0.2373295 , -0.14313073,  0.00114322,  0.04101368,  0.1477593 ,  0.08582339, -0.24791102,  0.05820881,
   0.40084577,  0.12235151,  0.3276094 ,  0.20861228,  0.2724804 ,  0.06199373,  0.10436902,  0.05110355,  0.00086817,  0.14843899, -0.10420039,  0.37707648, -0.18560259,  0.16227762,  0.27573428,
  -0.03532435, -0.22259547],
 [ 0.23110592,  0.04067906,  0.16266322, -0.02189092,  0.34638494, -0.42340162,  0.07523551,  0.2683499 ,  0.02106781,  0.06047174, -0.08680236,  0.0041377 , -0.33437133, -0.14368626, -0.15735103,
   0.1338248 , -0.11427395, -0.10849511, -0.07558467, -0.14972894,  0.05380445,  0.0755263 ,  0.16500372,  0.13055001,  0.11055155, -0.06579366, -0.07862075, -0.1742422 , -0.17784874,  0.03885228,
  -0.14388321,  0.2936648 ],
 [-0.00750016,  0.300278  ,  0.11435341, -0.15544729, -0.01240924, -0.33469048,  0.03808507, -0.13715369, -0.2226916 ,  0.30442935,  0.20611756,  0.20060779,  0.15642226, -0.2469778 , -0.0800959 ,
  -0.06790072, -0.3419474 , -0.11140022, -0.1092196 ,  0.02519979,  0.50647753, -0.00417926,  0.02530289, -0.05004206,  0.14754258, -0.21478345,  0.3792075 , -0.02483184, -0.07903796,  0.19400741,
  -0.17818452,  0.14385019],
 [ 0.28103402, -0.04826855,  0.41056833,  0.1288583 ,  0.13133885,  0.27317306,  0.326147  ,  0.0523678 ,  0.15938109,  0.2792683 , -0.23236221, -0.34590048, -0.01151078, -0.35069826, -0.06279902,
   0.0628747 , -0.05512775, -0.02831861, -0.2003333 ,  0.15762872, -0.21269268, -0.42058036, -0.04146776,  0.18300399,  0.01596616, -0.2329594 ,  0.02039019,  0.08766074,  0.01806334, -0.05291685,
   0.09720774, -0.34768537],
 [ 1.7612747 , -0.2610416 ,  0.26967728,  0.14240634,  0.03702501, -0.29012433,  2.2399023 ,  0.27730802,  0.11429895, -0.00703548,  0.12634361,  0.05458322,  0.18521525,  0.18073712, -0.04421311,
  -0.13212828, -0.07996459,  0.10717007, -0.06788793, -0.15010592, -0.00019067,  0.22149138,  0.02702161, -0.0552436 ,  0.06408636,  0.01680784, -0.38672742,  0.13935183,  0.08149169,  0.00323436,
   0.21247134,  0.24259987],
 [ 0.15975372, -0.17006016, -0.16314222,  0.22346711, -0.3754448 , -0.0297695 ,  0.08796516, -0.35008153,  0.04686865,  0.19088581, -0.2971152 ,  0.33163404, -0.20196602,  0.11494725, -0.01671929,
   0.01390313, -0.25669903,  0.2520946 ,  0.0651767 ,  0.32416803, -0.25148344, -0.03624693,  0.04190585,  0.01207663,  0.13335706, -0.03878371,  0.42440522,  0.00796846, -0.57683086,  0.0168402 ,
   0.2522928 , -0.18466122],
 [-0.19735104, -0.16807795, -0.21529536, -0.09588034,  0.18185945,  0.30526656, -0.48485008, -0.07569093,  0.0605396 ,  0.04053567,  0.37998793, -0.40213877, -0.5178128 ,  0.4124425 ,  0.15068674,
  -0.11427432,  0.03431975,  0.04864353, -0.11910415,  0.02835567,  0.07096267,  0.40310606,  0.19269024,  0.34786463, -0.2687143 , -0.06943945,  0.0484494 , -0.38422015,  0.23637187,  0.12844196,
  -0.0734317 , -0.03666687],
 [ 0.25077337, -0.15908758,  1.4849056 , -0.05040775,  0.1511992 ,  0.01735284,  0.44663876, -0.17747848, -0.11465652, -0.3012251 , -0.21935144,  0.14262562,  0.32003272,  0.16529617, -0.0010783 ,
  -0.1787229 ,  0.17968373, -0.18972038, -0.26979035, -0.06169387, -0.4067881 , -0.27627698,  0.37719807, -0.31336167, -0.23762968,  0.01436658,  0.02478078, -0.04692486, -0.40067476,  0.16969787,
  -0.08861068,  0.2440899 ],
 [-0.12896353,  0.19649887,  0.2592167 , -0.09338845,  0.17609003, -0.26570892,  0.0527379 ,  0.24444555,  0.10369857,  0.48124477,  0.1148716 , -0.07305425,  0.5681773 ,  0.3267402 , -0.32058153,
  -0.15683272, -0.20763162,  0.12912592,  0.11423161,  0.11269039, -0.3259819 , -0.12761831, -0.02985705, -0.3643841 , -0.17436555,  0.27128676, -0.3108152 ,  0.2910521 ,  0.21822982, -0.05814745,
  -0.1297746 ,  0.16636552],
 [-0.15754803, -0.1475996 , -0.00477368, -0.42604673, -0.28999513, -0.06313225,  0.09513921, -0.16031478, -0.0395221 , -0.3226919 ,  0.18649676,  0.04401647,  0.06170918,  0.09765013,  0.0156255 ,
  -0.09675455,  0.22593091,  0.03137623, -0.03314389, -0.00173093, -0.00599301, -0.03515312,  0.08922127, -0.18717204, -0.1725582 ,  0.11185274, -0.02904787,  0.19427863,  0.0817758 , -0.11052559,
   0.11501927,  0.23943819],
 [ 0.08939591,  0.13311699, -0.03435417,  0.19860798, -0.11613809,  0.0677086 ,  0.51390123,  0.10777621, -0.08414225, -0.08465845, -0.01426834,  0.17024915,  0.0291555 , -0.12970556, -0.13005939,
   0.03040987,  0.008479  ,  0.09099524,  0.18349798,  0.54547197, -0.2924067 ,  0.13737242,  0.01966154, -0.36891526,  0.24990614,  0.08423465,  2.4154432 , -0.33988377, -0.04408339, -0.21583939,
   0.4326202 ,  0.22891007],
 [-0.13619356, -0.30732778,  0.03881101,  0.2184844 , -0.34701073, -0.18635494, -0.22111695,  0.17338923, -0.07396582, -0.0655873 ,  0.03493094, -0.17565617, -0.28873736,  0.27393705,  0.29249713,
   0.03591649,  0.0504311 ,  0.2522028 ,  0.03133071, -0.08381558,  0.00786783,  0.2786337 ,  0.01066433, -0.1338765 ,  0.02940041,  0.13124463,  0.1072507 ,  2.3608842 , -0.16533554,  0.15402071,
   0.00569319, -0.14235823],
 [ 0.15243034, -0.09072777, -0.31485948, -0.20012048, -0.03632739,  0.11566046, -0.172814  , -0.04813249, -0.24332145,  0.19640659,  0.34346622,  0.3218565 ,  0.1929959 ,  0.172502  ,  1.4142028 ,
   0.03543464, -0.09921852,  0.17609327, -0.5075196 ,  0.03859354, -0.04288876,  0.22368598,  0.3095974 , -0.1857692 , -0.17674209,  0.04609932,  0.34675252,  0.01202894, -0.25583228, -0.12117369,
   0.04053283,  0.04804049],
 [-0.14081752, -0.12515815, -0.1963136 ,  0.22823423, -0.16695504, -0.09295884, -0.09865058, -0.32119146, -0.17268306,  0.24562752, -0.24185757, -0.19272846, -0.26650915, -0.01812231,  0.37709534,
  -0.02653885,  0.01335242, -0.15908945, -0.01232361,  0.24581006,  0.02858188,  0.42635402,  0.25189593, -0.01726327, -0.02115758,  0.32618463,  0.02746511,  0.28178433,  0.40058148, -0.04084387,
   0.07039107,  0.19600084],
 [ 0.1535    ,  0.15209815, -0.26669475, -0.16968335, -0.09905341,  0.24288416, -0.24707498,  0.30464533,  0.15596682,  0.23084605, -0.18590662,  0.01446047,  0.05978856,  0.0509934 ,  0.05913148,
  -0.05530529,  0.02704142,  0.2067128 , -0.23330246,  0.30941004,  0.1963798 , -0.19304039,  0.07676721,  0.18029976, -0.24705866,  0.00839569, -0.01570306, -0.1291161 ,  0.01847137, -0.12005731,
   0.27486143, -0.12532887],
 [ 0.15839578, -0.33107728, -0.03236196,  0.00246223, -0.03885821, -0.07926366, -0.133503  ,  0.15090816,  0.19989157, -0.01643218, -0.2193275 ,  0.35878986, -0.17595948, -0.29188445, -0.40252438,
   0.01989038, -0.04348328,  0.20619133,  0.12221691,  0.05804025, -0.05427344,  0.22199546,  0.37347797,  0.20179585, -0.09270632,  0.1563131 , -0.08041795, -0.22101346, -0.17980781, -0.07163568,
   0.02079194,  0.41211623],
 [-0.1763379 ,  0.2646977 , -0.06345191, -0.403277  , -0.1011452 ,  0.2353394 ,  0.0689339 ,  0.08089024,  0.2657008 , -0.20726725, -0.21035008, -0.45274574,  0.17541641,  0.11249685,  0.1447933 ,
  -0.23660225, -0.3208498 , -0.26392367, -0.18451445,  0.3107918 ,  0.20002535, -0.09164413,  0.0598504 , -0.13567245,  0.07285595, -0.22761914,  0.15005028, -0.16994067,  0.161183  , -0.08548458,
  -0.15801519,  0.32259935],
 [ 0.03538924, -0.06443627,  0.15163566, -0.26799822,  0.22137272, -0.02788894,  0.12015754, -0.3095747 , -0.07648519,  0.00091603,  0.20605984,  0.13608222, -0.07849541,  0.06358955,  0.2513138 ,
  -0.0399977 , -0.06177299, -0.37794092, -0.05581447, -0.3479254 , -0.02286694,  0.19762702, -0.4239279 ,  0.24684176, -0.06604463, -0.00543297, -0.10048395, -0.34264737, -0.15659784,  0.41948202,
  -0.2192091 , -0.31770846],
 [ 0.02825821, -0.0171553 , -0.06466596,  0.00288959,  0.12884052, -0.11743272,  0.03888204,  0.20477493, -0.19905773, -0.46443626,  0.1341617 ,  0.5005925 , -0.00147093,  0.04038644, -0.05916169,
   0.31761217, -0.01555139, -0.03731283,  0.18217276, -0.09685459, -0.25693873,  0.17646007, -0.11830944, -0.19509201,  0.42000964, -0.03571936,  0.09884521,  0.00590565, -0.1772639 ,  0.13788672,
   0.06291579, -0.13187596],
 [ 0.08663807, -0.10286202, -0.22089908, -0.24113345,  0.05401172, -0.07654618,  0.3003408 , -0.00859162, -0.15704066,  0.03156353, -0.25885347, -0.01682625,  0.06383336,  0.03913446,  0.26055998,
   0.5195034 ,  0.13427947,  0.23575926,  0.5086925 , -0.20124517,  0.02612548, -0.09559931,  0.16853154,  0.05432379, -0.16368647,  0.00218956,  0.20938455, -0.26074493, -0.1594689 , -0.18945502,
   0.06527931,  0.24810322],
 [-0.4019469 ,  0.01887971, -0.18484414,  0.20108056, -0.04739365,  0.02613479, -0.0002674 ,  0.22484376,  0.4097263 , -0.22693306, -0.19051123,  0.06429958, -0.16328047,  0.18671675,  0.21882349,
  -0.10931526, -0.15270746, -0.0549558 ,  0.02080364,  0.06296743, -0.4505634 , -0.1934911 , -0.08081987, -0.15939787, -0.57294196, -0.3776745 , -0.2610717 , -0.02305684, -0.08724044, -0.12631382,
   0.159303  ,  0.15922673],
 [ 0.02998373,  0.02402406, -0.1713321 , -0.14739847, -0.34152988, -0.05015029,  0.15714826,  0.27086598, -0.04895597,  0.09833377, -0.57119787, -0.08658566, -0.09127247,  0.29823366,  0.07858669,
   0.09885108,  0.08846566,  0.00908855,  0.30647308, -0.4610559 ,  0.02924208,  0.22596057, -0.3782787 ,  0.16758357, -0.15223265,  0.02196319, -0.15607187,  0.19183034, -0.05767238,  0.16915937,
   0.08706596, -0.15875849],
 [ 0.10037184, -0.13271381,  0.01282562, -0.06131887,  0.17998238,  0.10806446, -0.00614431, -0.13714236, -0.2537983 ,  0.02713128, -0.12645818, -0.37559924, -0.2660057 ,  0.32517505, -0.13199528,
   0.21643256, -0.07132994,  0.24791552,  0.2334328 , -0.16513908, -0.39759514, -0.3806641 , -0.1617323 ,  0.3779269 , -0.08211242,  0.02904879,  0.26066738,  0.02206427,  0.01517821,  0.12453264,
   0.05779395, -0.01989342],
 [-0.14428987,  0.01569778,  0.21887995,  0.3564009 ,  0.05845533,  0.15103222,  0.05394614, -0.01746587,  0.10285141,  0.23786657, -0.17727236, -0.29027933, -0.10660165,  0.04233239,  0.17397432,
  -0.19790156, -0.4977153 , -0.10188973, -0.03878285, -0.2324547 , -0.15121819,  0.17345668,  0.01562401,  0.06912442, -0.07113644, -0.15082209, -0.07257964,  0.09977604, -0.29826406,  0.33003405,
   0.1149717 , -0.10717602],
 [ 0.16268143,  0.2444698 , -0.06606761, -0.04331696,  0.29869485,  0.423795  ,  0.00588713, -0.23164287, -0.09412043,  0.20660315, -0.20604306, -0.04165664,  0.05851698, -0.18454294,  0.21928692,
   0.1387935 ,  0.40190917,  0.15629219, -0.19217792,  0.10607381,  0.19760433,  0.20789576, -0.15536843, -0.17926754, -0.22792742,  0.3209464 ,  0.12457576, -0.16424373,  0.02543779, -0.02473746,
  -0.1945163 ,  0.00723679],
 [ 0.03813906,  0.38625062, -0.1311375 , -0.34187987, -0.20979075, -0.17852949, -0.08538543, -0.20930074,  0.1644244 , -0.22320655,  0.00400359,  0.40003845,  0.11071365,  0.0901514 ,  0.37146324,
   0.2491299 ,  0.11302488, -0.06214537, -0.00453778, -0.01426077, -0.08028511,  0.0424073 ,  0.07014954, -0.2489257 ,  0.3264085 ,  0.0819595 , -0.05255659,  0.0442352 ,  0.18607378, -0.2933373 ,
  -0.02101215, -0.23717116],
 [ 0.53140074,  0.02763721, -0.23554912,  0.71989334, -0.10720371, -0.04181598, -0.02735965, -0.1695906 ,  0.0494704 , -0.44214803,  0.21717967, -0.22556098, -0.0830643 ,  0.15030393, -0.0408922 ,
  -0.03270955, -0.20241548,  0.41912964,  0.10629648, -0.216557  ,  0.03563649, -0.2306936 ,  0.34448287,  0.03992759, -0.19510931,  0.13951814, -0.05561513, -0.25764573,  0.07620927,  0.07056837,
   0.22754672,  0.01290071],
 [ 0.02141206,  0.03202661,  0.3190566 , -0.06201471,  0.09389099,  0.12334909,  0.0699553 , -0.06958092,  0.0241208 , -0.01873155,  0.39184207, -0.09155276, -0.18251571, -0.00124034, -0.01533964,
   0.0393687 , -0.09148932,  0.0220747 ,  0.02592141,  0.18119794,  0.01860128,  0.02049501,  0.10326928,  0.17353101, -0.19673516, -0.2504641 ,  0.33909592,  0.1408151 , -0.04387733,  2.3615508 ,
  -0.07851234,  0.04225615],
 [-0.19436744,  0.16803339,  0.03509068,  0.04232542, -0.17878848,  0.10485342, -0.17419434, -0.13843018,  0.01752438,  0.5014664 ,  0.03429323, -0.51376015, -0.12850028,  0.13674583, -0.22569218,
   0.16622049,  0.03176412,  0.19826543, -0.11177082, -0.12735678,  0.11299703, -0.00150568, -0.01360456,  0.313794  ,  0.12082819, -0.3979846 ,  0.15981363,  0.13979375,  0.23698226, -0.18793969,
   0.06496117,  0.022326  ],
 [-0.19152637,  0.18935332, -0.0483092 ,  0.23054647, -0.14857176, -0.2921171 , -0.04851324,  0.04638264, -0.10683919, -0.6128914 ,  0.07672983,  0.07579613,  0.13743345, -0.07609849, -0.08701035,
   0.28806436, -0.31508094, -0.04942356,  0.02846037,  0.12120437,  0.03395344, -0.18439853,  0.23352279,  0.00038148, -0.33360055,  0.04183533,  0.09505537,  0.3921488 ,  0.08175027, -0.2964051 ,
  -0.28938025,  0.2517419 ],
 [-0.16056061, -0.3099162 ,  0.20010218, -0.09514716,  0.18940279, -0.1829439 ,  0.29476246,  0.17441274, -0.14453708, -0.3320781 ,  0.46103278, -0.04204154, -0.15254633,  0.27726164,  0.18915197,
   0.2365593 , -0.01970166,  0.37621093, -0.26212364, -0.11040991,  0.07797575,  0.23362227,  0.1322318 , -0.01657315, -0.09502957,  0.23470217,  0.15287921, -0.17490476, -0.18085387, -0.10909763,
  -0.13475238,  0.20596819],
 [ 0.08714646,  0.11155745,  0.03833393,  0.04775414, -0.31636348,  0.15883674, -0.1126963 , -0.00663107, -0.09463459,  0.02917431,  0.11461879, -0.201771  ,  0.05054985, -0.08980051,  0.26429176,
  -0.22292508, -0.20050326, -0.07191405, -0.18512875, -0.0448762 , -0.1055771 ,  0.01768248,  0.20161441,  0.01425592,  0.03247091, -0.21146452, -0.02681191, -0.08435089,  0.13632819, -0.15291339,
  -0.17213112,  0.06348584]]

  Параметр #2, форма: (32,)
  Значения: [-0.00951925, -0.00757352, -0.07551485,  0.04863733,  0.04635544,  0.07171645, -0.04881045,  0.08301344,  0.11333348, -0.12139581, -0.02968726,  0.11750236, -0.06495557,  0.05287625,  0.0008576 ,
  0.03308793,  0.00390563,  0.0746171 , -0.10215171, -0.09133232,  0.14645135,  0.21003632, -0.00054194,  0.17152661, -0.07717746, -0.05315859,  0.14574875,  0.08041065,  0.16064271,  0.04685558,
 -0.1012546 ,  0.02235774]

--------------------------------------------------------------------------------
Слой: dense_hidden_layer_3 (Dense)
  Параметр #1, форма: (32, 16)
  Значения: [[ 0.18030038, -0.01991028, -0.04296503,  0.07257801, -0.08392594,  0.04432507,  0.00952522, -0.07356217,  0.14711058,  0.09689819, -0.05305059,  1.4738146 , -0.04069134, -0.09579714, -0.25474045,
  -0.07257416],
 [-0.09360413,  0.01723361,  0.06610482, -0.1203277 ,  0.0560246 , -0.14343686, -0.01879388, -0.09036286,  0.11192605,  0.01751596, -0.01652519, -0.09378746, -0.0493262 ,  0.2743591 , -0.07516262,
   0.07191104],
 [-0.01689695,  0.06762379,  0.12554638, -0.05309677,  0.10646602,  1.8623276 ,  0.085131  ,  0.24203722,  0.0721569 , -0.13979425,  0.0413541 , -0.04955757, -0.0893911 , -0.01088778, -0.02321251,
  -0.15898873],
 [ 0.40626925,  0.12118064,  0.03665854,  0.01348202,  0.18035229,  0.31133556,  0.1027628 ,  0.01817891,  0.22089662,  0.02135389,  0.06529722,  0.15015164, -0.05797187, -0.31137517, -0.06526203,
   0.11595014],
 [ 0.10538264,  0.20140052, -0.05952466,  0.2371388 ,  0.02776017,  0.09066197,  0.13554192, -0.20724985, -0.15073457, -0.15571357,  0.16083258, -0.04581849,  0.3041373 ,  0.0005064 , -0.22070608,
  -0.10086263],
 [ 0.01760645,  0.07727848, -0.14772566,  0.08527212,  0.12533142, -0.09614214,  0.2953736 , -0.07989886, -0.1499817 , -0.22938338,  0.18309611,  0.00343243, -0.07189289, -0.22112076, -0.05838764,
   0.3572168 ],
 [-0.32167313, -0.09474876,  0.2689176 ,  0.18734595, -0.08559385,  0.03053926,  0.06944061,  0.02007579,  0.26766753,  2.0188255 ,  0.17032744,  0.02723982, -0.30485833, -0.17886192, -0.14773168,
  -0.03739288],
 [ 0.31176212,  0.05436172, -0.01586821,  0.1857837 , -0.21778256, -0.07345428, -0.0955993 ,  0.05970623,  0.13437544,  0.07072283,  0.07309747, -0.05416637,  0.04811398, -0.12597568,  0.10112084,
  -0.07509045],
 [-0.16822644,  0.00567292, -0.28696743,  0.22115551,  0.11956485,  0.05054548, -0.24355271, -0.10502852,  0.00608377, -0.03946571, -0.25328475, -0.19746435, -0.04246416, -0.19249341,  0.2057081 ,
   0.07418075],
 [-0.12051962,  0.17537323,  0.14515598,  0.04334375, -0.00593793, -0.04477107, -0.08099081, -0.20051879,  0.22924931, -0.07807698,  0.00423009, -0.13653718, -0.03891758,  0.42761663, -0.10889968,
   0.21728937],
 [-0.00417083,  0.10199077,  0.18668704,  0.04084011, -0.05275607, -0.02791365, -0.02286427,  2.1426265 , -0.22261886, -0.26560906, -0.25560793, -0.13408971,  0.10501246,  0.11421289, -0.0911254 ,
  -0.00427373],
 [-0.1674448 , -0.15353285,  0.08698002,  0.15715261, -0.07152282,  0.24525227,  0.1448408 ,  0.23875888, -0.04514071,  0.22810294,  0.3269314 , -0.06187763, -0.02312536, -0.14215778, -0.17163226,
  -0.1698827 ],
 [-0.12171992,  0.0412107 , -0.11537993,  0.03662438,  0.03972677, -0.07051866, -0.00939557, -0.07918686, -0.04661097, -0.12132945,  0.0126157 , -0.09008188, -0.17490987,  0.08901434,  0.09409368,
   0.16675478],
 [-0.15365961, -0.0721391 ,  0.03457431, -0.07530598,  0.08563679,  0.07468993,  0.0718943 ,  0.21895008,  0.09661156,  0.02308367, -0.02903032, -0.01857962, -0.15963152, -0.26485652,  0.06956342,
   0.18354493],
 [-0.04951724,  0.23806413, -0.02647687, -0.2930658 ,  0.1377374 , -0.07189324,  0.1513168 , -0.19162913,  0.06180662, -0.12006916,  1.6810135 ,  0.114991  ,  0.08016015,  0.01040518, -0.20676887,
   0.10955162],
 [ 0.15471457, -0.15644956, -0.13440438,  0.1610336 , -0.03126623, -0.130517  ,  0.04088316, -0.09577866,  0.02415632, -0.061981  , -0.04912662,  0.1665596 , -0.37027872,  0.08321261,  0.14181761,
  -0.09329912],
 [ 0.1406648 , -0.14385359, -0.09899753, -0.11627506,  0.14269382, -0.26174214,  0.24602209, -0.04574078,  0.09223682,  0.07930619,  0.02268477, -0.09010291,  0.18635589, -0.07722769, -0.1096873 ,
   0.13165654],
 [ 0.02186244,  0.20367324, -0.00940006, -0.09763131,  0.04121152, -0.06714258, -0.09328838,  0.12478323,  0.27473325, -0.03696927, -0.14621118, -0.02301845,  0.07722019,  0.03862193,  0.17913476,
   0.09976348],
 [-0.16551141, -0.07399775, -0.20712511,  0.17170191, -0.2987831 , -0.19249985, -0.07677037,  0.08458761, -0.07824801, -0.05478441, -0.05182918,  0.02591739, -0.18307672, -0.14207655,  0.25213856,
   0.06035987],
 [ 0.11411732,  0.00870428, -0.02104204,  0.06856965,  0.10914205,  0.12691136, -0.01898393,  0.14330648, -0.36993253,  0.13384305, -0.06403589,  0.08300737, -0.09739916, -0.19900417,  0.0509556 ,
  -0.22522958],
 [-0.05995161, -0.12186445, -0.02625488,  0.11958137, -0.07347679,  0.04718663,  0.11090191, -0.09108826, -0.08891303,  0.20539933, -0.0119083 ,  0.07637082,  0.07523417, -0.17969814, -0.11413138,
   0.0563021 ],
 [-0.31009725, -0.03169464, -0.12979259,  0.16657592,  0.05191732,  0.17868695, -0.0058687 , -0.01708338, -0.04573943, -0.07546041,  0.40269846,  0.12107543, -0.15992828,  0.39589632, -0.06074699,
   0.0481728 ],
 [ 0.14093961, -0.23069309, -0.12409902,  0.24722472, -0.0337243 ,  0.14980052, -0.06802027, -0.01425894,  0.26778853,  0.06562684, -0.05172716, -0.10250452, -0.08878131,  0.186234  ,  0.11482475,
  -0.1723015 ],
 [ 0.01307678, -0.01002247,  0.04741392, -0.09053567,  0.16467084, -0.00020089,  0.05601548, -0.11770353, -0.11014697,  0.39862666,  0.270012  , -0.01045217,  0.22995059,  0.18191063, -0.09378166,
  -0.10873998],
 [ 0.1003015 ,  0.03900909, -0.06030069,  0.10818398, -0.21637245,  0.01725023, -0.18583855, -0.1808987 , -0.10601472,  0.05449309, -0.10128555, -0.1827163 ,  0.07158738,  0.22391206,  0.09582756,
   0.2702698 ],
 [ 0.21137676, -0.07311423,  0.09482397, -0.01374462,  0.15931496, -0.01377173, -0.11830448,  0.2060109 ,  0.04766933, -0.09952945, -0.07480895, -0.1004881 , -0.15026212, -0.0716273 ,  0.05595318,
   0.0096091 ],
 [-0.06573254,  0.22432612, -0.30159503,  0.04592039, -0.02141389, -0.14552718,  0.05466815, -0.03296223,  0.18706103,  0.13020979,  0.2859196 , -0.07249769,  0.20948318, -0.17487821,  1.6726485 ,
  -0.06978706],
 [ 0.09036681,  0.08674137, -0.13509294,  0.09872883, -0.05707336, -0.1225196 , -0.0017672 , -0.22152662,  0.13969596, -0.00834312, -0.00506184, -0.01307499,  0.24702752,  0.22783165,  0.20261416,
   1.5949535 ],
 [-0.16734374, -0.00239692,  0.04716006,  0.12189154,  0.04667741, -0.15397415, -0.08031232, -0.09392048,  0.08085795,  0.08453961,  0.10419478,  0.04515538, -0.3088799 , -0.25887895, -0.02102814,
   0.01471169],
 [ 0.18804984,  0.01166927, -0.1463924 ,  0.09932472, -0.00258775,  1.0025493 , -0.24218991,  0.01277805,  0.03432269, -0.14942195,  0.11165367,  0.09821952,  0.00733689,  0.00175843,  0.14190567,
   0.05512955],
 [-0.10533832, -0.02964724,  0.08352741, -0.30484813, -0.1397289 ,  0.10232065,  0.18133163,  0.15315731,  0.133994  ,  0.01946158, -0.15433551, -0.02949351, -0.29899037,  0.19509842, -0.12256692,
  -0.08000186],
 [ 0.15879285, -0.24219404, -0.1784104 ,  0.0401957 ,  0.07805707, -0.01075512, -0.00586247,  0.1902567 ,  0.09544776,  0.07517549,  0.11634697, -0.04508854,  0.32597485, -0.34612972,  0.21868816,
   0.13531613]]

  Параметр #2, форма: (16,)
  Значения: [-0.15417352,  0.18856734, -0.08293851, -0.07682386, -0.09959118,  0.00006792, -0.10237746, -0.09266081, -0.055084  ,  0.01107645,  0.01878829,  0.09929578,  0.0974519 ,  0.0819689 , -0.02092937,
 -0.14729454]

--------------------------------------------------------------------------------
Слой: dense_output_layer (Dense)
  Параметр #1, форма: (16, 1)
  Значения: [[-0.18633144],
 [ 0.10177299],
 [ 0.08437545],
 [-0.06167044],
 [-0.14407362],
 [ 2.267784  ],
 [ 0.01746943],
 [ 1.0824478 ],
 [ 0.10425313],
 [ 1.2770891 ],
 [ 0.89178747],
 [ 1.548043  ],
 [-0.21250948],
 [ 0.0317453 ],
 [ 1.0599385 ],
 [ 1.4195977 ]]

  Параметр #2, форма: (1,)
  Значения: [0.1]

--------------------------------------------------------------------------------
