Модель: sequential
================================================================================

Слой: dense_input_layer (Dense)
  Параметр #1, форма: (20, 64)
  Значения: [[ 0.11563689, -0.03587   ,  0.1629509 ,  0.4673428 , -0.04694172, -0.05249234,  0.5833894 ,  0.16763698, -0.11305599,  0.15715158, -0.14078668, -0.16697414,  0.06975961, -0.69710356, -0.5627939 ,
  -0.12039034, -0.22657597,  0.08988149, -0.25162205, -0.5000499 ,  0.4659644 , -0.06212586,  0.01532274, -0.34102464, -0.17243934,  0.03139147, -0.34911236,  0.08524227, -0.20191382, -0.11033713,
  -0.14817782,  0.55219406, -0.00547403, -0.27815646,  0.26411942, -0.25518495,  0.06757475, -0.40937167, -0.53386474,  0.06848352,  0.26878077,  0.05917538, -0.03699818, -0.08698303, -0.5611862 ,
  -0.28895807, -0.13809307,  0.4184098 ,  0.10944239, -0.5439354 ,  0.09395038, -0.0906722 , -0.12849724,  0.14840147,  0.31152532,  0.25456646, -0.24216773, -0.12575789,  0.08836799,  0.28230774,
  -0.10476688, -0.03706619, -0.3995428 , -0.37763247],
 [ 0.29078388,  0.30145085, -0.02275131,  0.24617527,  0.08665874, -0.12357835,  0.07876098,  0.3962867 , -0.0077007 ,  0.6381565 , -0.6746275 ,  0.17911878,  0.02029905, -0.09552392,  0.01864741,
  -0.7561912 , -0.08840759,  0.08705616,  0.42699486, -0.10049977, -0.26780355, -0.14093933,  0.22789209,  0.0772295 , -0.17704222,  0.14443354,  0.02221953,  0.33125937, -0.22075783, -0.12438881,
  -0.08433449, -0.5318677 ,  0.10024285,  0.05600482,  0.00175519, -0.06733202, -0.5644309 , -0.0927261 , -0.1136815 , -0.21966317, -0.06474216,  0.10596412,  0.7593884 ,  0.06793344,  0.06413651,
  -0.02735041, -0.7867425 , -0.00649832,  0.0172237 ,  0.7500083 , -0.048951  ,  0.05801433, -0.00825684, -0.2940277 ,  0.3285377 ,  0.17067733,  0.30285645, -0.31418452,  0.2916613 , -0.46726573,
   0.19607584,  0.87898844, -0.18787566, -0.13819987],
 [ 0.03935927, -0.199343  , -0.5411353 ,  0.02461407, -0.22234996,  0.1435366 , -0.22104008,  0.35529208, -0.2889322 , -0.07052454,  0.23839362, -0.48910162,  0.05237372,  0.5308497 , -0.6586372 ,
   0.05766983,  0.05893406,  0.20262916, -0.3503507 , -0.34024203,  0.13116449,  0.12022979,  0.05587168,  0.12188006, -0.1285866 ,  0.07463532,  0.11498386, -0.18067473,  0.4294766 ,  2.9348915 ,
  -0.4136176 ,  0.22437245, -0.25330842,  0.19282702,  0.46484473, -0.32332626,  0.27988416,  0.15555857,  0.23791721,  0.537199  , -0.0549182 , -0.21380642, -0.27424315, -0.1582639 , -0.02217392,
   0.12365431,  0.09406663,  0.2729745 ,  0.00508272,  0.2805366 , -0.08274882,  0.98957425,  0.19344161, -0.22363654, -0.23479064,  0.18625318, -0.06558839,  0.2741345 ,  0.1509908 , -0.02466501,
  -0.31123564, -0.50797755, -0.12384903,  0.25951162],
 [ 0.07863152, -0.33877912,  0.04765298,  0.08101036, -0.34650546,  0.03216084,  0.01937782, -0.3208651 ,  0.09983967,  0.19058852,  0.22082853,  0.33806252, -0.49649972, -0.34968048,  0.11683974,
   0.19946559,  0.17236814,  1.4824224 ,  0.16940166,  0.35126612,  0.37494797,  0.25324783,  3.6186042 ,  0.18968129, -0.21351911, -0.06514493, -0.12264382,  0.02035593,  0.8799313 , -0.3818732 ,
   0.23293708, -0.36667684, -0.12528862,  0.2206895 ,  0.01600149, -0.38754568, -0.27573055,  0.16186593, -0.21319959,  0.06351154,  0.01745099, -0.23349537,  0.6494074 ,  0.21420497, -0.7637072 ,
   0.03563471, -0.18426888,  0.33279678, -0.2800368 , -0.03551216,  0.15481955,  0.23046833, -0.36555696, -0.11188901, -0.13387597, -0.22705935,  0.67121434,  0.09044863, -0.3647024 ,  0.25661626,
   0.72496504,  0.25240737, -0.5031176 , -0.1858503 ],
 [ 0.3570475 , -0.2768725 ,  0.18173622,  0.16465035, -0.22314721, -0.02380921, -1.302175  , -0.21582927, -0.04857635, -0.280457  ,  0.6694761 , -0.32744506, -0.13226222,  0.04933479,  0.2789284 ,
  -0.4640657 ,  0.29137212,  0.00389305, -0.24726988,  0.15778975,  0.06741689, -0.14295459,  0.01373184, -0.10783132,  0.02874269,  0.24405678,  0.581562  , -0.35953504,  0.69034714, -0.6308086 ,
  -0.05655954,  0.16669999,  0.07028988, -0.15432845, -0.06410887, -0.14233474, -0.16897489,  0.17776436,  0.12443062, -0.16383816,  0.20935822,  0.08623818,  0.19473477,  0.20061016, -0.22504301,
  -0.16170096,  0.23035444,  0.1429395 , -0.00467311,  0.04510694,  0.36450076, -0.16592677,  0.1077267 , -0.06056696, -0.06792212,  0.343986  ,  0.2855618 ,  0.1858064 ,  0.31983387,  0.00775004,
   0.27228466, -0.06800336,  0.09708076, -0.03078497],
 [ 0.0196258 ,  0.15549175, -0.18074384,  0.7252322 , -0.30933732, -0.26825222,  0.22125897,  0.29165715,  0.1423712 ,  0.2033201 , -0.00323066, -0.2862043 ,  0.01963907, -0.14105318,  0.23256108,
  -0.03393335, -0.23445795, -0.10770893,  0.10222735, -0.10805445, -0.25012282,  0.0788276 ,  0.09866206, -0.16215213, -0.13829699,  0.07339627, -0.5719845 , -0.52484316, -0.18729933, -0.05158387,
   0.07688889,  0.44405487,  0.303765  , -0.04809586, -0.00388027, -0.35051927, -0.00681145, -0.07310815,  0.10857411, -0.23468824,  0.20066744,  0.5772909 , -0.0332421 ,  0.13759199,  0.26577696,
  -0.11998465,  0.05793724,  0.00448685,  0.02323272, -0.21277396,  0.00934307,  0.17421064,  0.40435544,  0.22703378,  0.5771067 , -0.19342616,  0.1989692 ,  0.06490672,  0.5364131 , -0.2342652 ,
  -0.23063867, -0.2439655 , -0.5858182 , -0.10870306],
 [-0.15861417,  0.04814817,  0.11006549,  0.5290136 ,  0.27074656, -0.11594208, -0.2728246 ,  0.14809333, -0.29335576,  0.38836512,  0.25526989, -0.099197  , -0.5556641 ,  0.31493664, -0.02804136,
   0.28164408, -0.64038503, -0.22699836,  0.00125938,  0.01229575, -0.10603372,  0.18573165, -0.20642819, -0.04813049,  0.03670714,  0.19985838,  0.16046572, -0.41331974, -0.55966836,  0.27755514,
   0.09221054, -0.1697372 ,  0.3808822 ,  0.02862261,  0.36851206,  0.01892767,  0.82305586,  0.38100407, -0.10087023,  0.23337308,  0.23270838,  0.3616627 , -0.21302043,  0.2603232 ,  0.27261534,
  -0.5896454 , -0.37243122, -0.59898347, -0.08057202,  0.25225687,  0.3132198 ,  0.02499484,  0.6316916 , -0.27854446, -0.37512746, -0.01933573,  0.10987211, -0.00910836, -0.45361042, -0.02686995,
  -0.28319126,  0.19742599,  0.13143376, -0.23152499],
 [-0.1519682 , -0.43345934, -0.02140092,  0.35892454, -0.2770838 ,  0.18118714, -0.10498732, -0.17148751, -0.02505385, -0.2880389 , -0.20859034, -0.31848106,  0.6568585 ,  0.01221768, -0.22330514,
   0.05741246, -0.03561988, -0.05855318,  0.12751327,  0.31012553, -0.11524315, -0.11807806, -0.10562915, -0.5893086 , -0.50511307,  0.35817474,  0.45385128, -0.06155899,  0.1528774 ,  0.08720466,
   1.0743212 ,  0.33873975, -0.05097151, -0.18948123, -0.48302814,  0.06484343, -0.29746044, -0.28432727, -0.20452194, -0.40937224,  0.4094827 ,  0.33814138, -0.00154053,  0.52035564,  0.03064954,
  -0.28844225,  0.43632096,  0.10722347, -0.40791288, -0.05584646, -0.17112845, -0.47311148,  0.2741188 ,  0.41358855, -0.3308568 ,  0.11446118, -0.20592393, -0.15933411, -0.17847335, -0.3200193 ,
   0.0184452 , -0.2706144 ,  0.05188226, -0.0172488 ],
 [-0.06733456, -0.28547755, -0.19212016,  0.20150252,  0.19665802, -0.2138328 ,  0.03358183,  0.14273939, -0.6582007 ,  0.116266  , -0.1391936 ,  0.15002619, -0.20755437, -0.4269893 , -0.5190184 ,
   0.0138161 ,  0.05105806, -0.23508865,  0.23558705, -0.5684288 , -0.02312273, -0.4165677 , -0.16819718,  0.01000706, -0.21466257, -0.14369161,  0.4092236 , -0.17227955,  0.15974545, -0.24863712,
   0.13801499,  0.4576201 , -0.50834507, -0.31750324,  0.1558375 , -0.07951129,  0.13445719, -0.21544579,  0.0280284 , -0.05108486,  0.38611162,  0.08359662,  0.10530761, -0.16803917, -0.171427  ,
  -0.15636204,  0.15095161, -0.09971945,  0.06015857,  0.61473906,  0.26406047, -0.12163232,  0.34537297, -0.12884139, -0.62368596, -0.1990779 , -0.6090881 , -0.13105322,  0.00412507,  0.53803855,
   0.10487226, -0.04939601,  0.17949076, -0.8989847 ],
 [ 0.0651252 ,  0.18461268, -0.33568943,  0.38568252,  0.10977332, -0.137821  ,  0.13195865,  0.8795862 ,  0.05008908,  0.0641819 , -0.13396996, -0.23421258,  0.31612054, -0.33840644,  0.01834719,
  -0.18188897,  0.1736293 ,  0.13200985,  0.25269967, -0.16171852, -0.06745494, -0.36405015, -0.08449657,  0.11861945,  0.20007448, -0.24034928,  0.2888563 ,  0.51247114,  0.13405271,  0.7101878 ,
  -0.19169897, -0.37878504, -0.51408416,  0.2866199 ,  0.20456275, -0.01866858,  0.08970334, -0.39668328,  0.77245986,  0.02633767,  0.02350357,  0.23327398,  0.12027413,  0.04627262, -0.22478865,
   0.14712623,  0.49305582,  0.46946588,  0.52880585, -0.13439128, -0.35287496, -0.04188834,  0.0184178 ,  0.3412356 , -0.3241552 ,  0.52559114, -0.04305419, -0.17000937, -0.3750784 , -0.52867407,
   0.20166396,  0.01717292, -0.34127906, -0.38178673],
 [-0.08553328,  0.50623816, -0.05859295, -0.61035454, -0.05233326, -0.10796897, -1.0566788 , -0.01659414, -0.08081094,  0.19897768,  0.6080619 ,  0.29809797, -0.06879713, -0.35117483,  0.77093947,
   0.01881116,  0.00351908, -0.00652498,  0.04112742, -0.02895947, -0.14070064, -0.11237011, -0.00694494, -0.20077921, -0.14087969,  0.03568449, -0.06361881,  0.57525194, -0.7864587 ,  0.2803404 ,
   0.37870502, -0.5676832 , -0.10769809, -0.07964669, -0.57754695, -0.22049035, -0.29575434,  0.6074536 ,  0.2524326 ,  0.47554493,  0.20917527, -0.39374775, -0.11164656,  0.18441516, -0.43059155,
   0.16826843, -0.05317283, -0.09715988,  0.28842768,  0.10929615, -0.10477412,  0.22683968, -0.299654  ,  0.19453281,  0.23759261, -0.09401402,  0.12094376, -0.38842365,  0.1830075 , -0.04787705,
  -0.16558401,  0.4196371 , -0.26745826, -0.33760107],
 [-0.37026665,  0.14160052, -0.5042264 ,  0.6638244 , -0.75162673,  0.46853954,  0.06351046, -0.02824813, -0.13364379,  0.12018636, -0.00736775,  0.24080877,  0.04407164,  0.05348833, -0.10285746,
  -0.0173005 ,  0.0834573 , -0.60446435, -0.48951206,  0.2664225 ,  0.05970377, -0.04312569,  0.0048671 ,  0.10194769, -0.14165239, -0.27754092,  0.05133427, -0.21493629,  0.11332565, -0.69217   ,
   0.24611811,  0.15354656,  0.0729992 ,  0.20122313,  0.4951599 ,  0.34983644, -0.55766493, -0.4895758 , -0.15816909,  0.00543078,  0.20546795, -0.19809873,  0.05919797, -0.27558234, -0.1596047 ,
  -0.48950192, -0.20224623, -0.34287807, -0.21579072,  0.388892  , -0.2263634 ,  0.9167628 ,  0.19654389,  0.05659043, -0.2651351 ,  0.2040349 , -0.15044157,  0.03594353,  0.8264549 , -0.03918188,
   0.45647267, -0.26748687, -0.0135191 ,  0.5186011 ],
 [-0.21000427,  0.702695  ,  0.1955059 , -0.22639921,  0.17789915,  0.3135908 ,  0.21550481, -0.62813926, -0.17691597, -0.08778027, -0.02267399,  0.1543113 ,  0.06422234, -0.4160844 ,  0.12764618,
   0.15916996,  0.16560999,  0.35239142,  0.23257272,  0.10700673, -0.02824059, -0.50251675,  0.15119568,  0.05820499,  0.07273947, -0.3567114 , -0.30252466,  0.32627517, -0.01224827,  0.2040196 ,
   0.00619953,  0.00890092,  0.21255982, -0.11198281,  0.03806838, -0.14945309, -0.14573298, -0.08601113,  0.08680849, -0.15828414,  0.45176545, -0.24227832, -0.07514532,  3.3584006 ,  0.5477919 ,
   0.04466258,  0.25708804, -0.37496898,  0.06653339,  0.33708164,  0.01613411,  0.21937622, -0.12922336,  0.32890195,  0.55282253, -0.13285094, -0.13989407,  0.27655157,  0.44908762, -0.14616576,
  -0.09004429, -0.09555414, -0.4636547 , -0.3206447 ],
 [-0.3521728 , -0.14512275, -0.01390068,  0.08660191,  0.60420513, -0.192156  ,  0.39010337, -0.07891332, -0.0185421 ,  0.14151625, -0.39633065,  0.15376754,  0.05653341,  3.3381345 ,  0.11535799,
   0.7054864 , -0.20537981, -0.15650982, -0.2468209 , -0.11436763, -0.19137457,  0.40605325,  0.51820457, -0.18174282, -0.3252677 ,  0.18768094, -0.11225528,  0.17616154,  0.03940925, -0.39732277,
   0.4769175 ,  0.702541  , -0.23098154, -0.08424947,  0.05993246,  0.10696509,  0.20225883,  0.4988038 , -0.0687756 , -0.3152279 , -0.38397452, -0.28261203, -0.00908463,  0.63271326, -0.15251891,
   0.04838597, -0.00648707,  0.3444076 ,  0.88962203, -0.14360668, -0.09455556,  0.22064972,  0.20399515,  0.6318917 ,  0.15375486, -0.12338034,  0.20324261,  0.38280627,  0.24478254,  0.19890454,
   0.31744412,  0.33787835,  0.32240593,  0.16691269],
 [-0.03315594,  0.04836341,  0.29459924, -0.20956235,  0.13276693, -0.10291439,  0.00697831,  0.28960875,  0.06899031,  0.01011364, -0.39399564,  0.22502416,  0.22049776,  0.7129848 , -0.11356401,
   0.04359663,  0.06354541,  0.39624014, -0.02109993,  0.07064757,  0.1566962 ,  0.05688935, -0.15015455,  0.05310386,  0.37439942, -0.2706189 ,  0.03370023, -0.21643797,  0.23215577, -0.31486282,
  -0.15749817,  0.15025353,  0.54664284, -0.01371314, -0.20924504,  0.66135985, -0.47006893, -0.81598794,  0.12263748, -0.11957588, -0.3090957 ,  0.22018754,  0.07521458, -0.17737249, -0.51162565,
   0.33964634,  0.2492931 , -0.03638906,  0.73577595, -0.22564429, -0.37811264, -0.206813  , -0.01718277,  0.07328089, -0.08565417,  0.07739906, -0.30667204,  0.50741726, -0.01853092,  0.29831913,
   0.08492745,  0.12180206,  0.19728075,  3.326867  ],
 [ 0.20070204,  0.2806969 ,  0.07226357,  0.19222175, -0.02987971,  0.5040936 , -0.15932064,  0.69407856, -0.01308353, -0.40659335,  0.0293972 , -0.2711885 ,  0.2997946 , -0.15348506, -0.11777984,
  -0.69676375, -0.15534028, -0.87018263, -0.4544956 ,  0.2646682 ,  0.21593915,  0.10036559, -0.31857446, -0.01935531, -0.00092929, -0.33747247,  0.5090932 ,  0.27129304, -0.08313578,  0.009628  ,
   0.04208124, -0.83843744, -0.08800339, -0.25969043, -0.33410627, -0.1065638 ,  0.38461328,  0.17059097, -0.21908453,  0.13385122,  0.28878462,  0.3365319 ,  0.02233026, -0.14563115,  0.26439258,
   0.13436048,  0.27254906,  0.23711951,  0.29605085, -0.12421025,  0.33229592,  0.05950641,  0.6370126 ,  1.8311894 ,  0.6330718 ,  0.06294817, -0.23603113, -0.11205523, -0.06410608,  0.16243295,
   0.10758547, -0.13984789, -0.00836241,  0.599616  ],
 [ 0.66258484,  0.11132865,  0.00728281,  0.03069748,  3.6769035 , -0.27866834, -0.07920551, -0.6400768 ,  0.15632448,  0.16053452, -0.14089485,  0.48936817, -0.48994216, -0.6014086 ,  0.05415134,
   0.36689228,  0.45958242, -0.08755513,  0.20608635, -0.01121542, -0.05134115,  0.17143928,  0.22276689, -0.40082726,  0.46259457,  0.35303295, -0.14144212,  0.11058456,  0.11884622,  0.08021605,
  -0.1282981 , -0.20274034, -0.00572253,  0.39633125,  0.19372505, -0.07912894,  0.22599362, -0.58319217,  0.36966878, -0.4309232 , -0.110955  , -0.3402412 , -0.51037204,  0.36089694, -0.14892806,
   0.09638594, -0.01875395,  0.17246708,  0.01938677, -0.48293692,  0.28392807, -0.18415348, -0.5785521 , -0.09886429,  0.51724184,  0.21555054, -0.08892141, -0.08898712, -0.11259676,  0.49846393,
   0.07226261,  0.14956099,  0.23387745,  0.05066989],
 [-0.06261789, -0.05366986, -0.0210974 , -0.0074033 ,  0.29430234,  0.0180754 ,  0.19103523, -0.0209662 ,  0.02269226, -0.6554625 ,  0.20296183,  0.08001889,  0.37903872, -0.7121562 ,  0.5709685 ,
  -0.0533822 ,  0.3725919 , -0.27542952,  0.2088219 , -0.20369862, -0.21976171,  0.5686923 , -0.07046219,  0.08717526,  0.34326354,  0.19374065,  0.04553206,  0.09815682,  0.702369  , -0.01971467,
   0.0774729 ,  0.24685226,  0.43429357,  0.43916562,  0.25951993, -0.43938926,  0.41022995, -0.24362385,  0.06473903, -0.19132327, -0.02086733,  0.12083962,  0.1248902 ,  0.13816775,  0.3070088 ,
   0.10447722, -0.05155104,  0.25997385,  0.35719788, -0.24384487,  0.15912475,  0.16041282, -0.09898438,  0.40180057, -0.04486069,  0.03565713, -0.06944271,  0.00368711, -0.33293816, -0.507468  ,
   0.49847332, -0.33475524, -0.27055988, -0.62865216],
 [-0.13332061, -0.4289428 ,  0.41540202,  0.22679341, -0.21324812,  0.6918872 ,  0.20209005, -0.11174324, -0.81849897,  0.5291203 , -0.40744284, -0.5740988 ,  0.31345335,  0.67531997,  0.36068493,
   2.9527051 ,  0.23640423,  0.28856313,  0.15603085,  0.0819032 ,  0.04030113, -0.01314272, -0.30801746, -0.11218398, -0.34938723, -0.03896391, -0.26653942, -0.41552946,  0.05070876,  0.39932346,
   0.3028626 , -0.566847  , -0.1944631 ,  0.3016871 , -0.22641887, -0.05970767,  0.14645085, -0.28385216,  0.02773255, -0.28392622, -0.13310045,  0.0628126 , -0.46737686,  0.17658077, -0.00421584,
   0.22048256,  0.07877439,  0.45088217,  0.04160605, -0.15996796,  0.02601711,  0.16356283,  0.01679586,  0.01295988, -0.2624585 , -0.13592407, -0.48016176,  0.5380896 , -0.33979073, -0.18330187,
  -0.23479335,  0.3461576 , -0.08823451,  0.46427053],
 [-0.1874181 ,  0.05907187, -0.16928665,  0.42987978, -0.3246815 ,  0.08175139,  0.22079647,  0.14644614, -0.03711119, -0.03090893,  0.01094788, -0.04565439,  0.2130967 ,  0.48351863, -0.22217226,
  -0.5034479 , -0.02022589,  0.7204046 , -0.21534306,  0.59762675,  0.50711405, -0.12034047,  0.20088303,  0.45124358, -0.09378452, -0.05544729, -0.17421457, -0.26908472, -0.15758166, -0.33960357,
   0.00658685, -0.27757114,  0.05305766, -0.3092293 ,  0.11055407,  0.30074877, -0.73702437,  0.11167797,  0.288001  , -0.4265975 ,  0.5759274 ,  0.10210324, -0.27464196, -0.01183255,  0.22732659,
   0.02888015,  0.1841002 , -0.36587796,  0.05916673, -0.32696596, -0.03193953, -0.18518688, -0.2026414 ,  0.43712687,  0.29988158,  0.15979235, -0.35081697, -0.12106717,  0.24208999,  0.03891184,
   0.51983005,  0.13505301,  0.04080484, -0.10404468]]

  Параметр #2, форма: (64,)
  Значения: [ 0.02248225, -0.02369986,  0.18735152,  0.12316743, -0.14995974, -0.17199636, -0.36278236,  0.10167701, -0.19155112, -0.31337464,  0.07060681,  0.5621587 , -0.00146791,  0.1715142 ,  0.01745383,
 -0.01539625,  0.15488726, -0.04352973,  0.04355706,  0.05124107, -0.13554114,  0.20761257, -0.04651344, -0.11709853,  0.11855151, -0.2218806 ,  0.00588749, -0.00149315,  0.17901796,  0.06256972,
 -0.00428476,  0.1931575 ,  0.18494296,  0.08838823,  0.00238651, -0.31724456, -0.20597927, -0.0699926 , -0.11179485, -0.02798346,  0.01047605,  0.11220759, -0.01877466,  0.06624943,  0.01296544,
 -0.34507474, -0.18902259, -0.01866631, -0.20846398,  0.14838666,  0.31837073,  0.2348386 , -0.03591341,  0.25358787,  0.0271614 , -0.08415839, -0.16509582, -0.05774781, -0.07150847,  0.04282381,
  0.0303777 ,  0.00063265,  0.06998848,  0.28103822]

--------------------------------------------------------------------------------
Слой: dense_hidden_layer_1 (Dense)
  Параметр #1, форма: (64, 48)
  Значения: [[ 0.24300784, -0.45611817, -0.7711196 ,  0.18431878, -0.39624798, -0.06866809, -0.25921494, -0.34135398,  0.08554404,  0.18289351, -0.1283889 , -0.6740812 , -0.10503604,  0.1240209 , -0.30345005,
   0.03656004, -0.00377284,  0.14469974,  0.0235921 , -0.20219812,  0.22602694, -0.04603939, -0.00819045, -0.22681284, -0.12837724, -0.25982058, -0.03166313,  0.5755499 , -0.42445374, -0.31517604,
   0.2823772 , -0.03783469, -0.12250724,  0.30771813, -0.14800398,  0.5520809 ,  0.20036584, -0.13142057,  0.61370635, -0.09745699,  0.15968324,  0.08245424,  0.20727472,  0.25546438,  0.01008448,
  -0.21400428,  0.09502721, -0.19299513],
 [ 0.6122801 ,  0.02925364, -0.05997371,  0.06095635, -0.29819754, -0.17216916,  0.29829508, -0.19684924, -0.20781681,  0.11127798,  0.23998922,  0.24513397,  0.19325286, -0.19977213, -0.46731213,
   0.2772601 , -0.10877796, -0.08347303,  0.42654398,  0.10968464,  0.12527804,  0.64574426, -0.21874161,  0.17710465,  0.01705917,  0.05913817,  0.29039508,  0.11957233,  0.1638356 ,  0.26115254,
  -0.0937716 , -0.28667778, -0.24170117, -0.53356916,  0.4627909 , -0.25392035, -0.06332136, -0.09162772,  0.07926064,  0.2444389 ,  0.14972515, -0.11461217, -0.04184633,  0.0455525 , -0.05080217,
   0.40701082,  0.07868749,  0.15170895],
 [ 0.16744097,  0.30924863,  0.05951338, -0.35907844,  0.09361736, -0.21469699, -0.16001405,  0.11404877,  0.22500326,  0.00600976,  0.08062962,  0.5167748 ,  0.07082451,  0.7106865 ,  0.19226237,
  -0.45113224,  0.13441466,  0.11843758,  0.26322934,  0.20283015, -0.0463225 , -0.3506478 , -0.05596923, -0.20639703, -0.1305689 ,  0.13113873,  0.45960605,  0.11701439, -0.3384656 ,  0.08634445,
   0.29782677, -0.18534559, -0.03290192,  0.00377157, -0.23559521,  0.18141095, -0.02820859,  0.13557248, -0.16647126, -0.14946662,  0.1296586 , -0.05975238,  0.5563474 , -0.08105277,  0.06571903,
   0.28680697, -0.4487886 , -0.6003388 ],
 [-0.3232825 ,  0.36475426, -0.09869926,  0.59544575, -0.17738521,  0.04161941,  0.41151613,  0.50292367,  0.5710386 ,  0.40780604,  0.17184903,  0.15623921,  0.24686526, -0.13589804, -0.14075273,
  -0.00088141, -0.03725914, -0.08437485,  0.21906357,  0.24264361,  0.02918808,  0.45303002, -0.32618034, -0.03068141, -0.16963409, -0.36217335, -0.02695371, -0.02310744,  0.31846178,  0.15966778,
  -0.21121013,  0.36400467,  0.32764408,  0.10125704, -0.03810845, -0.21718383, -0.10824626,  0.28322625,  0.4442576 ,  0.40458295, -0.11004417, -0.370243  ,  0.02362062, -0.49883682,  0.10418516,
  -0.04519867, -0.08926817, -0.33846995],
 [ 0.14902306, -0.09220522, -0.3599769 , -0.8343858 ,  1.8805999 ,  0.31199542,  0.48223978, -0.12947999, -0.18742083,  0.07743928, -0.16151428,  0.06835777,  0.14174464,  0.31998557, -0.03277137,
  -0.04682943, -0.27552482, -0.1302705 , -0.04273095,  0.05992773,  0.19935077, -0.26144686,  0.26187152, -0.07311819, -0.00515009, -0.2474142 , -0.43676576,  0.17391397,  0.12007996, -0.06689351,
   0.0139943 ,  0.16429186, -0.4209718 , -0.14342977,  0.2032551 , -0.21886386,  0.07040355, -0.46450508,  0.14553428, -0.01150471, -0.5003628 ,  0.20564954, -0.14660826, -0.12808268,  0.04285148,
   0.20398922, -0.24884258,  0.01744112],
 [ 0.13691403,  0.20523216,  0.05842656, -0.06146659, -0.13221024,  0.02410715, -0.2262537 , -0.5971173 ,  0.09548179,  0.18748719, -0.59573245, -0.24125239,  0.15621218,  0.580115  ,  0.00476424,
  -0.14850672, -0.03442973,  0.30543253, -0.19038774, -0.23775196, -0.13559179, -0.19142382,  0.03266661,  0.4274165 ,  0.07982942, -0.06542166, -0.07250963, -0.40972704,  0.2559858 , -0.01383799,
  -0.05345468,  0.5831858 ,  0.05073607, -0.25416157, -0.14263515,  0.1937207 ,  0.02712848, -0.2760851 ,  0.22731502, -0.20784813,  0.6244885 ,  0.29683688, -0.09974051,  0.34474102,  0.01460388,
   0.27784848,  0.15439908, -0.22070685],
 [-0.1400286 ,  0.21812211, -0.05479681, -0.12449603, -0.23001347,  0.09219617,  0.5046079 , -0.32983193,  0.00437291,  0.44649664, -0.02576711,  0.1504774 , -0.24545038,  0.08466388, -0.0424113 ,
   0.21596234,  0.2257084 ,  0.69877905,  0.14240165,  0.10349073,  0.03177022, -0.0976913 ,  0.10108669, -0.0880311 ,  0.05414735,  0.38522762, -0.33129832,  0.24968068,  0.33006078, -0.01890333,
  -0.3369233 , -0.1227335 ,  0.22846472, -0.00470257, -0.19012025, -0.08216535,  0.27380782,  0.08694227, -0.07016843, -0.06809998, -0.12781599, -0.29763156,  0.44983643, -0.09085032,  0.19290471,
   0.51679295,  0.31935868, -0.13945422],
 [ 0.11282651, -0.00535414, -0.29173756,  0.06857949, -0.30843875,  0.20897245, -0.15242319,  0.03692135,  0.05640429, -0.06751072,  0.17533767, -0.12921178,  0.17464699, -0.21222663,  0.03760713,
   0.658777  , -0.30743575, -0.16444683,  0.1668643 ,  0.04190035,  0.08927491,  0.12022704,  0.15253018,  0.3339201 ,  0.10448419, -0.05213401,  0.13805199,  0.31249875, -0.03519982, -0.19494763,
   0.20470451, -0.03352116, -0.61600333,  0.2513865 , -0.13418628, -0.02923321,  0.10979367,  0.05845742,  0.1951594 , -0.09305838,  0.17411979, -0.05404156,  0.14406179,  0.14725652, -0.15716821,
   0.36762828, -0.14275934,  0.21052825],
 [ 0.1024079 ,  0.45853376, -0.03652144, -0.09458716, -0.00563153, -0.07112554,  0.23806246, -0.3224463 , -0.2090887 , -0.20006584,  0.21507269,  0.53747   , -0.03244858, -0.03854579,  0.01866799,
   0.33793348, -0.18743964,  0.04495784,  0.32897097,  0.13617139,  0.06427991,  0.22021498, -0.7773438 ,  0.1346814 , -0.13462318, -0.46168908,  0.11074149,  0.25894836, -0.02833267,  0.15637954,
   0.4640433 ,  0.32681093,  0.28688714,  0.14045757,  0.01331169, -0.43385988, -0.04304345, -0.25047985,  0.35016116, -0.03581642,  0.03970562,  0.16016696,  0.00745598,  0.52446294, -0.15486005,
   0.06113688, -0.19945496, -0.37441   ],
 [-0.20879544, -0.00742521, -0.11716942, -0.1680225 , -0.23175916, -0.01331161, -0.2701835 ,  0.21097784,  0.02163427, -0.378795  , -0.05052275, -0.18376765,  0.10486645,  0.3097171 , -0.5121296 ,
   0.03471101, -0.04844436,  0.17022957,  0.06741727, -0.17288147, -0.10270609, -0.16075107,  0.22525138,  0.00356602,  0.5792598 , -0.01423438, -0.141601  , -0.3033199 , -0.58468425, -0.4938933 ,
   0.06942707,  0.13810892, -0.38778737,  0.2058215 , -0.1578949 ,  0.02653113,  0.37873104,  0.19842027, -0.06704079, -0.2158128 , -0.5454735 , -0.13188194, -0.05329585, -0.19975328, -0.02514901,
   0.01302596, -0.06713991, -0.1537755 ],
 [ 0.04611509,  0.12909298, -0.3087722 ,  0.3450331 , -0.02260244,  0.00427986,  0.19540276,  0.05807944,  0.29984674,  0.09168445, -0.11578353,  0.06604786, -0.313523  ,  0.02314783, -0.00534789,
  -0.06699259, -0.02564023, -0.6199129 , -0.1592539 ,  0.02772264,  0.03113529, -0.20638385,  0.32140693, -0.16400023,  0.20746855,  0.0926886 , -0.12086489,  0.34700018, -0.36212805,  0.17319736,
   0.1628594 , -0.18370344,  0.47073248, -0.05470382,  0.05180645,  0.06847028, -0.04367392,  0.2453112 ,  0.21635695, -0.37730777,  0.33619088, -0.28990585,  0.29231888,  0.3285954 , -0.36659837,
  -0.08449361, -0.17792384, -0.05554367],
 [-0.08879281,  0.2368027 ,  0.25333732,  0.2874052 , -0.14185147, -0.0457487 , -0.53313583, -0.19755553,  0.29468697,  0.42799157, -0.37094858, -0.12977605, -0.00822043,  0.05835642, -0.2093054 ,
   0.08357875, -0.11631449, -0.00312693,  0.11299351,  0.0021604 , -0.08165378, -0.03322879, -0.03000546, -0.05963903, -0.07422791,  0.32658553,  0.09254624, -0.06856165,  0.23035409, -0.05330314,
   0.31235483,  0.09250604, -0.03423754,  0.07747308, -0.4454727 , -0.3192361 , -0.335827  ,  0.04743307,  0.53668326,  0.36875573,  0.15609941,  0.11575583, -0.3870063 , -0.13078292, -0.1800684 ,
  -0.14743999, -0.05694417, -0.08209518],
 [-0.64943343,  0.18424305, -0.29274333,  0.07442584,  0.4649796 , -0.21801187, -0.5902172 , -0.06487297,  0.36191067,  0.6087563 , -0.21844792,  0.08816551, -0.11011845, -0.01862059,  0.7193466 ,
  -0.2766712 ,  0.06448516,  0.07428636,  0.2346062 ,  0.0277077 ,  0.07610302, -0.13256516,  0.08590779, -0.07685039,  0.10312811, -0.11603579,  0.12296427, -0.00905146,  0.20400736, -0.01758253,
  -0.36407107,  0.36782223, -0.2948036 , -0.1314738 , -0.19390433,  0.2951662 , -0.7221493 ,  0.6574622 ,  0.35260218,  0.03737148, -0.01584874,  0.07308487,  0.12814778,  0.12829883,  0.16003366,
   0.01727113, -0.05126373, -0.03091276],
 [-0.06515588,  2.758033  ,  0.11541694, -0.59492135,  0.15354805,  0.03905534, -0.00464725, -0.12390091,  0.32512906,  0.25089833, -0.13445412,  0.11637159, -0.18294999, -0.4179939 , -0.12770021,
   0.20236409,  0.21191496,  0.16233025,  0.1311776 ,  0.1353132 , -0.11789238,  0.12434498,  0.26008463,  0.17944773,  0.29460925,  0.23308383,  0.08922687,  0.26508233, -0.00701463, -0.2513409 ,
  -0.02890744, -0.23047693, -0.16073863, -0.024696  , -0.24005869, -0.06997987, -0.33340493,  0.05860226,  0.00038614, -0.2628855 ,  0.22062826,  0.29817122, -0.2538274 , -0.17378274, -0.23761144,
  -0.21171957,  0.22295162, -0.05226883],
 [-0.05952369, -0.65090996,  0.159234  , -0.3017409 ,  0.02049936,  0.0690107 ,  0.25921047, -0.33036962, -0.9302909 ,  0.05537901,  0.5462528 ,  0.3574167 ,  0.0428817 , -0.15584157,  0.2605287 ,
  -0.18830161,  0.08652291,  0.1708423 ,  0.33729511,  0.8906767 ,  0.12615374, -0.13116607, -0.00708624, -0.4571153 , -0.11599845, -0.12090943, -0.13153908,  0.04225199, -0.20600662,  0.27855942,
   0.00003919, -0.00194434, -0.06127951,  0.03006017,  0.27847135, -0.16113533, -0.13643745, -0.08102168, -0.36390066, -0.15236984, -0.14493197,  0.26473227,  0.05288084,  0.04082875,  0.28167084,
  -0.04261949,  0.11190428, -0.01782775],
 [ 0.062328  , -0.15208302, -0.46867016, -0.03228365,  0.3822779 ,  0.20197487,  0.2915257 ,  0.38688812,  0.0192713 ,  0.06169107, -0.10911541, -0.09876641,  0.11438493,  0.20808122, -0.03851903,
  -0.11021012,  0.00017183,  0.13508515, -0.30410928, -0.57435745, -0.13314736, -0.270045  , -0.14524788, -0.04404134, -0.14291015,  0.49017653,  0.06758107,  2.7513056 ,  0.14338003, -0.32201663,
   0.25516078, -0.02586199,  0.19601293, -0.35769042, -0.48472515,  0.2654352 ,  0.1159972 , -0.21869738, -0.17748159,  0.25435865, -0.19178517,  0.41795963, -0.2259979 ,  0.16258012, -0.11097308,
   0.19671087, -0.10197614, -0.0367494 ],
 [ 0.00965414, -0.22468902,  0.2261157 , -0.13058564, -0.06019915, -0.31352583, -0.78560305, -0.03475925,  0.69863117,  0.18677951, -0.00408339, -0.04383796,  0.00556348,  0.12214751, -0.24092114,
   0.3187119 ,  0.21451052,  0.14563805,  0.073071  ,  0.00616982,  0.10721543,  0.19581106, -0.09686896, -0.12449546,  0.02068685,  0.24655141, -0.24913761, -0.2685274 ,  0.04460912,  0.00958271,
   0.04425352,  0.06505538, -0.04746122,  0.24431826, -0.26317576, -0.1345266 , -0.03038148, -0.355474  , -0.05360315,  0.39438412,  0.00504001,  0.05822505, -0.36470532, -0.1282636 , -0.06753297,
  -0.08272367,  0.27938664,  0.13348943],
 [-0.30807963,  0.06135831,  0.13564166,  0.29436025,  0.46525162, -0.29244688, -0.20784315, -0.3560166 , -0.07467774,  0.11074621,  0.2308992 , -0.02270065, -0.08484674,  0.02589541, -0.2693676 ,
   0.34100202, -0.47579262,  0.05502995,  0.67553145,  0.00113908, -0.05091498, -0.08458964, -0.03944572,  0.23916247, -0.5786032 ,  0.3774126 , -0.25181624, -0.07221226, -0.12620701,  0.1762402 ,
  -0.51938087,  0.10780274,  0.6757519 , -0.4329501 ,  0.04028463, -0.12376906,  0.10138119,  0.00443944, -0.16935772,  0.1294942 ,  0.5345338 , -0.04807523,  0.12731956, -0.4090414 , -0.2054487 ,
   0.15929069,  0.26610813,  0.11905098],
 [-0.05457766, -0.00014189, -0.20771435,  0.17406774,  0.2777631 , -0.1075085 , -0.15477388,  0.07091114, -0.11968362, -0.0207592 ,  0.44599777, -0.0550964 , -0.11649678, -0.20991896,  0.251648  ,
  -0.05877826, -0.11757797,  0.40945756,  0.33122194, -0.2046233 , -0.45706332,  0.26191294, -0.17492865,  0.17158264, -0.3376346 ,  0.2884834 , -0.3706126 ,  0.13395816,  0.00429908, -0.26069412,
  -0.09491745,  0.14034794,  0.03352087,  0.16774689,  0.51156586, -0.42276785,  0.28195655,  0.02558548, -0.17376602, -0.2608093 , -0.05292368,  0.30053386, -0.02961626,  0.29608604, -0.40272763,
  -0.00385238, -0.37063202,  0.11571497],
 [ 0.22771953, -0.12479673, -0.47764394,  0.04415272,  0.10026059,  0.10191855,  0.40704086, -0.3419284 ,  0.12406272,  0.22593974, -0.39780512,  0.06753847, -0.13675001, -0.02645521,  0.11665379,
  -0.1356525 , -0.21119894,  0.00869734, -0.21314423, -0.27641565,  0.17676632, -0.33872727,  0.13204871,  0.1043779 , -0.38803914, -0.22698167,  0.28614423, -0.29159492, -0.13764948,  0.09547365,
   0.2062635 , -0.08123349, -0.14663592,  0.47272   ,  0.34286714,  0.16759953,  0.02750819, -0.2540549 , -0.28328878,  0.14796962,  0.13840081,  0.43517613,  0.20405847, -0.39499626,  0.24009384,
  -0.32975248, -0.09117078,  0.06434689],
 [ 0.47902235,  0.8147719 ,  0.14837015, -0.03047915,  0.17140469,  0.21278241, -0.08544336,  0.328972  ,  0.03638034,  0.10098145,  0.19168524,  0.07413642,  0.2731961 , -0.1217712 , -0.10906415,
  -0.21021634,  0.07035826,  0.23390217,  0.14620413,  0.45398855, -0.00107621,  0.1406206 , -0.26806328, -0.1293122 ,  0.141375  ,  0.24866337, -0.07019869, -0.01522213, -0.36708933, -0.06093533,
   0.27179584,  0.11648526,  0.14604482,  0.00846872,  0.00236046, -0.12757918,  0.22418925,  0.12934501,  0.16559096, -0.12935711, -0.62892365,  0.2480459 , -0.09174915, -0.20660809,  0.13048747,
  -0.13296217,  0.18581279,  0.16443466],
 [ 0.18688498, -0.3511117 ,  0.33934963,  0.04676213, -0.09607795,  0.03020253, -0.5887022 ,  0.12197603, -0.34732556, -0.22244374, -0.32007545,  0.21547563, -0.10040753,  0.3103195 , -0.15167123,
  -0.34190091, -0.28099084,  0.39761788, -0.04456275, -0.12638372,  0.03622921,  0.12133665,  0.2125881 ,  0.39803332, -0.08090055, -0.41795376, -0.12299027,  0.07039154, -0.21672761, -0.1879245 ,
   0.10351044, -0.01204076,  0.00652918, -0.14685024, -0.04333818, -0.27844816,  0.17791739,  0.26391488, -0.44499788, -0.24606757, -0.47855064, -0.20672923, -0.0201043 , -0.23244011, -0.21792038,
  -0.27071288,  0.05403179,  0.01927753],
 [-0.13424608,  0.04899865, -0.10457473, -0.08050416,  0.36854637,  0.38716623, -0.216192  ,  0.19328958,  0.23362653, -0.22904527,  0.24942268,  0.4216921 , -0.29882023, -0.20451738,  0.25111154,
   0.07276335,  0.13505957,  0.09764283,  0.09288168, -0.25855666,  3.1152308 ,  0.18546622, -0.04890087, -0.01287134, -0.4660999 ,  0.10025731,  0.19159527, -0.0155754 ,  0.36782217, -0.09629829,
   0.16438513, -0.17663959, -0.004668  , -0.02774512,  0.06533561, -0.08174714, -0.03984024,  0.18189824, -0.13499367, -0.2918816 ,  0.33167568,  0.3046965 , -0.30118787,  0.15312204, -0.15027614,
   0.04622515,  0.06545756, -0.07322651],
 [-0.13312845, -0.22914469, -0.3114765 , -0.1446415 , -0.01420051, -0.16204385,  0.20538798,  0.3982049 , -0.16050518,  0.07125619,  0.08960659,  0.14709656,  0.02187813,  0.19629706,  0.1553329 ,
  -0.35527927,  0.1693242 ,  0.21029049, -0.18998033,  0.00636275,  0.22830564, -0.03794583,  0.30744076,  0.5936931 , -0.12751992, -0.45378128,  0.09573014,  0.1836288 , -0.04613965,  0.26158726,
  -0.3008217 ,  0.14187802, -0.15221518,  0.57820225,  0.52575785, -0.24696864, -0.15272884,  0.21096058, -0.12217936, -0.01111227,  0.0080785 , -0.40589896, -0.0025092 , -0.21776994, -0.13125539,
   0.46482366, -0.4159013 ,  0.13614783],
 [-0.06979076, -0.06346875,  0.21599583,  0.10348249,  0.11949161,  0.25221956, -0.0956205 , -0.11165346, -0.33433744, -0.22255567,  0.98253334,  0.27421892, -0.23982516, -0.33220503,  0.08354352,
   0.18435293,  0.09037741, -0.07569592, -0.03194617,  0.07400071,  0.01457439, -0.6049832 , -0.06107287, -0.1783385 ,  0.05709983,  0.63813   ,  0.08845254, -0.08092078,  0.16227661,  0.15926284,
   0.09527289,  0.10464784,  0.47125462, -0.30368593,  0.11960429, -0.26493597,  0.09319532, -0.1930528 , -0.12899041, -0.05083819,  0.30812868,  0.16027102, -0.3885069 ,  0.01231875, -0.1921249 ,
  -0.23381022, -0.03683674, -0.06090948],
 [ 0.43960688,  0.09321412, -0.34807009, -0.15046737,  0.3101181 ,  0.58247584, -0.42840627, -0.43930012,  0.45867565,  0.09124232, -0.27203673,  0.10695259, -0.41791987,  0.00093837,  0.06391054,
   0.2977733 , -0.32082057,  0.01471202, -0.16396846,  0.06361782, -0.24192812, -0.08503109, -0.28889358,  0.17421767,  0.1867925 , -0.03805399,  0.01132907, -0.28570485, -0.09346244, -0.01181082,
   0.692569  , -0.3547125 ,  0.4645399 ,  0.22552048,  0.05504527,  0.5291725 ,  0.08841964,  0.07511853, -0.01725458,  0.23755501,  0.1779288 , -0.10089158, -0.35966417, -0.05681629, -0.17204246,
  -0.0137659 ,  0.27261552, -0.12956697],
 [-0.00720524,  0.01911191,  0.16855471, -0.7694238 , -0.11480693,  0.06343499,  0.23861328, -0.08483185, -0.59930086,  0.19605748, -0.14750606, -0.34196168, -0.16267769, -0.05818027, -0.13049504,
  -0.56105053,  0.22183898,  0.28426218,  0.21006319, -0.21409813, -0.03730799, -0.00172312,  0.16714533,  0.12932694, -0.16870046,  0.02727289,  0.09288473,  0.40929967,  0.20742619,  0.18969223,
   0.02774178,  0.4143668 ,  0.09925112, -0.22631717,  0.40084946,  0.18637869, -0.14180025, -0.10717838,  0.06316432,  0.09127528,  0.03245258,  0.05150838,  0.5413688 ,  0.30324963,  0.05332049,
   0.25529182, -0.32483774,  0.09802908],
 [ 0.5763111 , -0.0488417 , -0.27882147, -0.18698749, -0.22345951, -0.20549439, -0.09489107, -0.25723463,  0.00416822,  0.19465308, -0.15176278,  0.5059236 ,  0.14106837,  0.32950753, -0.18588455,
   0.19102226, -0.27554655,  0.25150663,  0.05759138,  0.11310051, -0.37545055, -0.29398963,  0.16813579, -0.3127503 ,  0.10705046, -0.45636153,  0.24386267, -0.20370044,  0.17964742,  0.15461059,
  -0.16907899,  0.15266342,  0.04821727, -0.13163675, -0.31392124, -0.314735  ,  0.0727236 , -0.247167  ,  0.02234931, -0.07698968,  0.2073238 , -0.10038787, -0.08897507,  0.14974512,  0.11005563,
   0.0951419 ,  0.12377837, -0.43947068],
 [ 0.24860397,  0.17718287, -0.22941382, -0.07063938, -0.00648379, -0.030798  ,  0.07767912,  0.2696195 ,  0.17499828, -0.23905423,  0.1733118 ,  0.40655184,  0.13163777,  0.24173644,  0.5400635 ,
   0.33871663,  0.04697042,  0.30335203,  0.04305647,  0.00415818, -0.11133897,  0.4814132 , -0.13396004,  0.26716927,  0.0832716 , -0.30704632,  0.09254412, -0.5375739 ,  0.12949164,  0.2887142 ,
  -0.13365245,  0.02049987,  0.41631764, -0.12934737, -0.24674775,  0.30842432,  0.35678816,  0.00114213,  0.3457048 ,  0.29306594, -0.16936058, -0.13192405,  0.35746032,  0.3875962 ,  0.18288672,
  -0.22972018,  0.47852835, -0.14715034],
 [-0.1118585 ,  0.10423919,  0.25628483,  0.18700138,  0.10145567,  0.09992474,  0.01249022,  0.17322406, -0.74065226, -0.10100275,  0.05017597, -0.36760288,  0.1156363 , -0.04590442,  0.5149039 ,
   0.2780376 , -0.14138442,  2.2161953 , -0.01564536, -0.12593116,  0.05386584, -0.14881662, -0.18442996,  0.14803103,  0.16547796, -0.2571172 ,  0.29476902, -0.16126008,  0.07517834,  0.19587445,
  -0.00993336,  0.08885104, -0.11678901, -0.05399534, -0.03311439, -0.21737027, -0.05516663, -0.35825923, -0.11805831, -0.08973214, -0.07710911, -0.05090951, -0.01342973,  0.13572629,  0.2288538 ,
  -0.12183908, -0.2584921 , -0.33761916],
 [-0.13876137, -0.11961991, -0.23053476, -0.4300065 , -0.09008153,  0.05446875,  0.09594269, -0.15696509, -0.10090248, -0.20540325, -0.00996763, -0.26771277,  0.09263225, -0.4826455 , -0.0811141 ,
   0.07057875,  0.05725113,  0.57851845,  0.11612102, -0.1915056 , -0.02673988, -0.50061625, -0.01645493, -0.18125539,  0.28554475, -0.16400148, -0.02549966, -0.16288202,  0.29371086, -0.06300148,
   0.4533321 ,  0.1411781 ,  0.15113586,  0.10705472,  0.13076915, -0.5509122 , -0.09244266,  0.21981277, -0.01313087, -0.47529092, -0.01447903,  0.27810237,  0.36334863, -0.02015203,  0.2898898 ,
  -0.09731097, -0.47996554, -0.31495214],
 [ 0.27236852, -0.0769757 , -0.05109325, -0.08273038,  0.5139462 ,  0.30224872,  0.4343221 , -0.04334005,  0.05357382, -0.31327537,  0.4608337 , -0.2545899 ,  0.05371506, -0.36387753, -0.11749223,
  -0.19221939, -0.16394073, -0.1602476 , -0.1778068 ,  0.2723856 , -0.3327608 ,  0.04405121,  0.19741866, -0.11726443, -0.13187203, -0.06660357,  0.3300979 ,  0.03215097, -0.16588221,  0.09847737,
  -0.26175252,  0.19150817,  0.09681643, -0.07360878, -0.14225869, -0.20550343,  0.1599087 ,  0.4016402 , -0.14912808,  0.10811663, -0.5999911 , -0.19404212, -0.00642629, -0.21734764, -0.28540504,
  -0.18049635,  0.05199817, -0.05125894],
 [-0.429848  , -0.534183  , -0.15498371,  0.14627555, -0.66781247, -0.10454198, -0.10536996,  0.44320822, -0.07282187,  0.09049481,  0.02713931, -0.6403657 ,  0.18840969,  0.04791745,  0.1140064 ,
   1.2373916 , -0.5417614 ,  0.500689  , -0.09297551,  0.09318715, -0.00993415, -0.14156914, -0.09237108,  0.07486919, -0.49038512,  0.1563515 , -0.08657679, -0.24125299, -0.12185357,  0.2999452 ,
  -0.1562889 ,  0.11580148, -0.2062955 ,  0.1480421 ,  0.22624919,  0.3816105 , -0.03251979,  0.11644219,  0.02566682,  0.23137279, -0.13167107,  0.15869033, -0.04080968, -0.01728487,  0.02831462,
   0.07525584, -0.02395011,  0.04356154],
 [ 0.53051823,  0.15670986,  0.2783453 , -0.08857956, -0.29589275,  0.210956  ,  0.2093446 ,  0.42459646, -0.16079098, -0.04965568, -0.4261982 , -0.11486875,  0.16476496, -0.07443954,  0.15515135,
  -0.03465057,  0.09086679, -0.22620964,  0.02024384, -0.58048713, -0.0484004 , -0.29180562,  0.19509949,  0.12979543,  0.15588576,  0.27959585, -0.2738274 ,  0.2971677 ,  0.16547301, -0.05952727,
   0.27652478, -0.36899576, -0.27398157, -0.18362832, -0.1422362 , -0.2553358 ,  0.27322823, -0.08612376,  0.09483728, -0.15093118, -0.364852  ,  0.04486709, -0.6355569 , -0.01479345, -0.32754585,
   0.3551429 ,  0.28464684,  0.01719682],
 [ 0.39400893, -0.15525897,  0.17473643,  0.05844614,  0.04962627,  0.33358097,  0.15773588,  0.0549941 , -0.523687  , -0.22287638, -0.02837406,  0.01764075, -0.2581014 ,  0.7687198 ,  0.3407016 ,
   0.20083456,  0.02395709, -0.03911144, -0.18115254,  0.02456866,  0.05932452, -0.19658211,  0.06956426, -0.04161895, -0.58257616, -0.15674227, -0.07360117,  0.61932606,  0.1649971 , -0.3560517 ,
   0.14571346, -0.36646047,  0.3224409 , -0.10660776, -0.01897608,  0.38761982, -0.30266285, -0.47369957, -0.12964937,  0.3406086 , -0.5015332 , -0.57278305, -0.13768056,  0.13110398,  0.39277613,
  -0.11151674, -0.12145156,  0.28142366],
 [-0.3732811 , -0.07552058,  0.04497903,  0.13353768, -0.1373614 ,  0.00981212, -0.5218778 , -0.16230138,  0.07515235, -0.3032769 ,  0.0200918 ,  0.10401969, -0.05464628,  0.03220259, -0.26784903,
  -0.05593684,  0.18505108,  0.03209603, -0.17523907,  0.06385168,  0.15522802, -0.5297362 ,  0.2141339 , -0.08111286,  0.13637868,  0.28185636, -0.42908674, -0.18920569, -0.05568909, -0.20769833,
   0.43565458, -0.19812739, -0.09979378,  0.04794785, -0.20552073, -0.0695497 ,  0.07442519, -0.07123065, -0.03069866, -0.12016134, -0.45086348,  0.08219787,  0.50499225,  0.00378377,  0.07473192,
   0.17703664, -0.39513618,  0.38312274],
 [ 0.03561778,  0.46040666, -0.11650499,  0.4462055 ,  0.14973551,  0.15129212,  0.07926237, -0.06049548,  0.37064874,  0.0352921 , -0.49025357, -0.36825633, -0.05986904,  0.09389035, -0.01201415,
   0.31489253, -0.3881151 ,  0.0344072 , -0.44918525,  0.236539  , -0.03053522,  0.09827463, -0.13889106,  0.40549847,  0.19765846,  0.15904392, -0.02099729,  0.13418402, -0.24027467,  0.15068758,
   0.38908488,  0.22945619, -0.23707798,  0.11504922, -0.26053476,  0.09874862,  0.12324931, -0.4108514 , -0.32743207, -0.04627683, -0.05481029, -0.3440706 ,  0.07654656,  0.07950432, -0.03270313,
  -0.14916617,  0.35890287,  0.39335632],
 [-0.13904744, -0.11710304,  0.13278607, -0.10448358, -0.03006493,  0.2299182 , -0.5138693 ,  0.30253425,  0.01894519, -0.1087168 , -0.01678709, -0.0087166 , -0.3826555 ,  0.34632787,  0.01232766,
   0.10931946,  0.31539926, -0.21631299,  0.11098426, -0.08111854,  0.21890257, -0.5503142 , -0.01658521, -0.13939682,  0.08973163,  0.16093232, -0.15181808, -0.22870171, -0.03127439, -0.19777197,
   0.21727714, -0.11556154, -0.9329198 , -0.07015652, -0.22881305, -0.35809162, -0.20451975,  0.02934051,  0.41937447,  0.07143464, -0.17855863,  0.12474659, -0.10421121, -0.1275259 , -0.33329326,
  -0.55286765, -0.11088771,  0.02541619],
 [-0.01908347, -0.07086155, -0.24875148,  0.18092184, -0.23439305,  0.2425805 , -0.26084617, -0.2145526 , -0.49461368, -0.08673304,  0.3162221 ,  0.09324051,  0.2252302 ,  0.16448334, -0.358866  ,
  -0.08308723, -0.20863254,  0.38388053, -0.3728719 ,  0.16084732,  0.27446082,  0.45106742, -0.0986793 ,  0.16805208,  0.57430124, -0.20526354, -0.39744908, -0.6276185 ,  0.13602372, -0.54887265,
  -0.11458652,  0.12382034,  0.04995677,  0.11146245,  0.07041524,  0.39581487, -0.17153448, -0.21290733, -0.18088166,  0.16971937,  0.2866934 ,  0.10713199,  0.36338875, -0.24294698,  0.26379976,
   0.37953007,  0.12950054,  0.5293004 ],
 [-0.34552836, -0.12564437, -0.12764958,  0.15189445, -0.317222  ,  0.1405485 ,  0.37994623,  0.22748692,  0.08037809, -0.30380958, -0.15045133,  0.25477904,  0.25172168, -0.01130764, -0.11526675,
  -0.5678276 , -0.25071558,  0.3168043 , -0.3874936 ,  0.05363453,  0.24679236, -0.40653914,  0.04057896,  0.19879074,  0.00398688,  0.87469864, -0.42177394,  0.19235608, -0.03409175,  0.21529022,
   0.10094135, -0.22892623,  0.07631114, -0.5695264 ,  0.13714585,  0.09046336,  0.14211255,  0.1993638 ,  0.06017119,  0.03389139, -0.2860463 , -0.14366384,  0.23224983,  0.48392558, -0.03860383,
   0.01393284, -0.1962592 ,  0.19284259],
 [ 0.21778658,  0.35589084, -0.22799437, -0.07870126,  0.03924413,  0.10779286, -0.03857819, -0.14901699,  0.2628386 ,  0.17835823, -0.20243706,  0.31839114,  0.38541096,  0.04377919,  0.02307543,
   0.17794465, -0.18667495,  0.00684733, -0.58337504,  0.23915915, -0.38508683,  0.34822467, -0.11222214, -0.06549143, -0.14938268, -0.0841215 ,  0.2941593 , -0.43793225,  0.28437987,  0.07843834,
  -0.19379863, -0.33145055,  0.3754295 , -0.25044337, -0.19743422,  0.21594693,  0.10904562, -0.25334045,  0.07220165, -0.3510831 ,  0.24910942,  0.22583699,  0.16827136,  0.12377601,  0.4825367 ,
  -0.00009555, -0.35707134,  0.10033959],
 [ 0.5501741 , -0.31621483, -0.10294499,  0.06722076, -0.01184778, -0.18096782,  0.22504453,  0.7540493 ,  0.03222935, -0.17915301, -0.33267078,  0.07007235,  0.2829335 ,  0.09402613, -0.00045164,
  -0.11862488, -0.27355203,  0.17335105,  0.3041091 , -0.37609935,  0.26769274,  0.16786663,  0.30558243, -0.37364227, -0.28576452, -0.03919198,  0.15101041,  0.591329  ,  0.14531706, -0.05325605,
  -0.24980727,  0.40470383, -0.31281206,  0.28356114, -0.05173156,  0.39632407,  0.1203233 , -0.03033525, -0.09606303, -0.09380676,  0.14269656,  0.02637948, -0.13474745, -0.04444178,  0.02482323,
  -0.38153404,  0.13060972, -0.22840837],
 [-0.22563453, -0.3914798 , -0.307747  , -0.38786173, -0.14482278,  0.42016566, -0.09460577,  0.05642889,  0.09963464,  0.03451565, -0.02035563, -0.27903083,  0.28020027,  0.5337547 , -0.30457032,
  -0.1809629 , -0.08083072, -0.18917948,  0.10840461, -0.17873044,  0.52097744,  0.343577  ,  0.05799761,  0.28418076,  0.3202688 , -0.1193501 , -0.1772266 ,  0.01863943,  0.18471798,  0.0472407 ,
  -0.485872  , -0.15089978, -0.01172728, -0.01251622,  0.3997391 , -0.24759828,  0.12951556,  0.47090092,  0.66734916, -0.07982307,  0.11370221,  0.14327218,  0.06008875, -0.0309126 ,  0.14203987,
  -0.6373926 ,  0.19503151,  0.02248277],
 [-0.05830588,  0.4165528 , -0.16020748, -0.11076502,  0.40835285, -0.13908257, -0.08768467, -0.02375924,  0.13371436,  0.03697133, -0.2608588 , -0.10559607, -0.20653535, -0.01653389,  0.07710873,
   0.10807653, -0.5616142 ,  0.30103272,  0.0536141 ,  0.3619153 ,  0.12870574,  0.32180583,  0.13101041,  0.42890742,  0.1663209 , -0.02590869,  0.5386203 ,  0.24554361,  0.17721198, -0.2023525 ,
  -0.43933794,  0.05600682,  0.03557936, -0.19579794,  0.02807423,  2.569425  ,  0.12658252, -0.26310414, -0.02121679, -0.18093322, -0.08784927, -0.1411408 , -0.16313528, -0.2243372 , -0.03725018,
  -0.09366235, -0.47775066,  0.3633489 ],
 [ 0.36595166, -0.12476618,  0.00363916, -0.21957901,  0.3425343 ,  0.47977915,  0.04119406,  0.2031655 ,  0.05214347, -0.28708497, -0.1351169 ,  0.03680707, -0.10828461, -0.06639051, -0.02822548,
  -0.0170847 ,  0.01151501, -0.35069087, -0.13478261, -0.21233898,  0.23614268, -0.64374644,  0.34637544,  0.45418632, -0.07740118, -0.45818326, -0.09625583, -0.01935173, -0.1766179 , -0.09760381,
   0.24448507,  0.17775214, -0.29728976, -0.44984034, -0.11091689, -0.03610861,  0.16104403, -0.16493249,  0.11029705,  0.6533127 ,  0.17188191, -0.01548553, -0.05868846, -0.1061697 ,  0.30902335,
  -0.11272854,  0.01157316,  0.01144311],
 [-0.15257257, -0.40865698,  0.10527784, -0.0097755 ,  0.15366592, -0.17668332,  0.3705444 , -0.15920982,  0.29538968, -0.2819923 ,  0.11904781,  0.13026299, -0.27055228,  0.09809356,  0.28009003,
  -0.6052328 ,  0.15597035, -0.8247819 , -0.29556873,  0.38519144, -0.15996629, -0.37084672, -0.04914057,  0.40859148, -0.34600264, -0.165612  ,  0.43481526,  0.33076945, -0.02095622, -0.26343143,
   0.54737204,  0.36851087,  0.1916767 , -0.13631555, -0.0088463 , -0.04006663,  0.07273385,  0.30793947,  0.14941312, -0.34821662,  0.39297107,  0.05636359,  0.11648067,  0.4954729 , -0.3151518 ,
  -0.00840932, -0.15269765, -0.4663149 ],
 [ 0.10463465,  0.6176101 , -0.43615052, -0.00515006,  0.21068294,  0.03312182, -0.02206941, -0.42565787,  0.07606596, -0.25767744, -0.699024  ,  0.40865818,  0.19432896,  0.01618622,  0.07095823,
   0.2151042 ,  0.03941893,  0.30618423, -0.06314492,  0.4180177 ,  0.05076868,  0.03131796, -0.30949634,  0.05786815, -0.23720752, -0.16731267, -0.14010997, -0.200011  ,  0.48718697,  0.25539976,
   0.5839091 , -0.28673586,  0.01245408, -0.31963018, -0.12126314, -0.16650546,  0.25018254, -0.12541169,  0.35101956,  0.18749356,  0.5051978 , -0.3075803 ,  0.32625952,  0.3336634 , -0.33218884,
   0.18313771,  0.05600815, -0.06504817],
 [-0.2566244 , -0.22585396,  0.58012915,  0.00022806,  0.19712482, -0.25827274, -0.2624558 ,  0.33998573, -0.28989616, -0.08046839,  0.00880977,  0.02687507, -0.05728931,  0.0696666 ,  0.14216147,
   0.21788086, -0.17258717, -0.06161659,  0.27374855,  0.24395226, -0.25638774,  0.11131784, -0.47535825,  0.01535471,  0.4631613 , -0.1975242 , -0.15329713,  0.12086404, -0.39487872, -0.11220264,
   0.13716336, -0.16904686, -0.04920019,  0.14133315,  0.12681097,  0.08875884, -0.05971315,  0.06893654, -0.04146311,  0.07530448, -0.1681429 , -0.02891148, -0.31592396, -0.00750406, -0.26855397,
  -0.24078429,  0.0720492 ,  0.03665635],
 [ 0.15839964, -0.12960957,  0.1041787 ,  0.18130839,  0.10533089, -0.26290077,  0.0359304 ,  0.1233201 ,  0.00240528, -0.45566645,  0.0515807 ,  0.69541645, -0.07073903, -0.19876048,  0.06382253,
   0.09755305,  0.22637038, -0.21459322,  0.16934417,  0.15600757, -0.04486993,  0.11438651,  0.24584074,  0.1471445 , -0.33843246,  0.21492824, -0.01554855,  0.01564714,  0.01833173, -0.03307685,
   0.35458922, -0.02160931, -0.35793775, -0.10155259,  0.03602102,  0.38714364,  0.15715775, -0.16650555,  0.67808145,  0.05922431,  0.40010926, -0.03661786,  0.15568312,  0.14705323,  0.2811161 ,
   0.35887045,  0.2678213 , -0.05894928],
 [-0.11942995,  0.07268004,  0.25923944, -0.06626921,  0.3154639 ,  0.36580768, -0.28177032, -0.19948795, -0.02532617,  0.08057044, -0.1750353 ,  0.4113452 ,  0.11219097,  0.01093311, -0.4733533 ,
  -0.31151074,  0.06148705, -0.7214351 ,  0.32124603, -0.03436099,  0.7890426 ,  0.54072046, -0.03358308, -0.03559063,  0.2312714 ,  0.54405445, -0.31537122, -0.46241418, -0.10072787,  0.17416906,
   0.13165614,  0.29229802, -0.2004315 , -0.45521975,  0.14693597, -0.1747073 , -0.5522103 ,  0.03804216,  0.21475051, -0.0316264 , -0.0952372 , -0.03230812, -0.0677633 , -0.42406613, -0.19407059,
   0.1000881 ,  0.06121019,  0.05361303],
 [-0.29347447, -0.05072811, -0.5067551 ,  0.03676003,  0.4839518 , -0.44959456, -0.12499546,  0.10343809,  0.37322485, -0.09522976, -0.16365647, -0.3778391 ,  0.01841661,  0.59467494,  0.05741034,
  -0.00688891,  0.11005154, -0.00190422, -0.19919787,  0.25182617,  0.06850867,  0.0052505 , -0.21659374,  0.31474873,  0.17785394, -0.18670976,  0.21849424, -0.16334336, -0.16213359, -0.2586628 ,
  -0.49855363,  0.11470251, -0.49619856, -0.25541592, -0.4321834 , -0.01536409, -0.02684713, -0.07246751, -0.31134316, -0.31647342,  0.08195113, -0.17351401,  0.08502225, -0.29678696,  0.05096632,
   0.24750207,  0.1436985 , -0.11443331],
 [ 0.04185372, -0.03856862,  0.00142978, -0.06644352, -0.03894195,  0.05253054, -0.18181951, -0.2865565 , -0.37183163, -0.33921885, -0.19479819,  0.027406  , -0.20530857,  0.09552471,  0.00788737,
  -0.53880674,  0.16946767,  0.16237664, -0.21975015,  0.11391215, -0.27130282,  0.02899291, -0.3286166 , -0.4025958 , -0.08614707, -0.03961704, -0.06552173, -0.4028981 , -0.11213548,  0.07634788,
  -0.00738623,  0.04918821, -0.16564171,  0.20747504, -0.24572092,  0.15709591,  0.30640274,  0.11252387, -0.03462075, -0.15300141,  0.2979036 , -0.38576576, -0.24437293, -0.09451941,  0.33076933,
   0.07621107, -0.32103586, -0.08267435],
 [-0.13212284, -0.17083967,  0.30008024, -0.25706324,  0.34053802,  0.23456208,  0.2354794 , -0.14078584, -0.02723432, -0.42793474, -0.08926872,  0.07890067,  0.41949847, -0.29344943, -0.08135723,
  -0.03034003, -0.37912968,  0.14882214, -0.24684131, -0.0663145 , -0.12427683, -0.18899214, -0.0017497 , -0.06118108, -0.0655553 , -0.1589832 ,  0.05477463,  0.2828872 ,  0.02710039,  0.24631199,
  -0.4207969 ,  0.03901704, -0.24094167, -0.2551171 , -0.19172247,  0.24753924,  0.257704  ,  0.08220357, -0.27296346, -0.03861688,  0.07392329,  0.05910192, -0.5536632 , -0.28817132, -0.01404823,
   0.18288974, -0.3876694 , -0.02712334],
 [ 0.04517287,  0.27955973,  0.12073618,  0.1039797 , -0.13090004, -0.33739945, -0.07713372,  0.33751404,  0.39163616,  0.21425352,  0.12926842,  0.09737326, -0.16963594, -0.03482031,  0.36000332,
  -0.24629547,  0.41370484, -0.09977682,  0.4494799 ,  2.0096743 ,  0.17502557, -0.12963924, -0.42629802,  0.04943505,  0.16634801, -0.1898588 , -0.4054372 , -0.01649176, -0.02871782,  0.09423936,
   0.31294006, -0.01713061,  0.40542144,  0.05152664, -0.10203984, -0.43314442, -0.07400536, -0.07719927,  0.23791118,  0.1575337 , -0.23242503,  0.04044592,  0.1420203 ,  0.4569511 ,  0.26522377,
   0.16099699,  0.01036827,  0.06198044],
 [ 0.2956058 , -0.31108683, -0.11893242, -0.18882614,  0.07770266,  0.3965959 , -0.1482571 , -0.64143217, -0.07222054,  0.20858216,  0.17859064,  0.11413668, -0.06194371, -0.34949315,  0.16794784,
  -0.17368768,  0.54809165,  0.19103877, -0.10997089, -0.17769168, -0.02520452, -0.0678365 ,  0.2484683 ,  0.0401853 , -0.20784105,  0.3731267 ,  0.01159417,  0.14785734, -0.09673015,  0.12235566,
   0.07384664, -0.63649   ,  0.36972207,  0.34352162, -0.07732606, -0.33471933,  0.10513219,  0.015461  ,  0.11603057,  0.03707147,  0.1371411 ,  0.4918556 ,  0.18221533, -0.3510723 ,  0.30096394,
   0.29044044,  0.60627973, -0.28097638],
 [ 0.07389624, -0.38576797,  0.15463303, -0.11915784,  0.4243552 , -0.21685717, -0.4119831 , -0.14502019, -0.36812213,  0.22806416, -0.34979105,  0.0055037 , -0.5794762 , -0.1011056 ,  0.33565298,
   0.07863222, -0.22180331, -0.00613588,  0.00554134,  0.14208345, -0.25201994,  0.14417666, -0.8135977 , -0.13851537, -0.13409209,  0.10563222,  0.00611276, -0.2610704 , -0.3064884 ,  0.04435693,
  -0.01657152, -0.18130317, -0.08019184,  0.16072613, -0.11697298, -0.01851573,  0.7077781 , -0.4220105 , -0.31356472,  0.22701938, -0.17308815, -0.10316005, -0.16825713, -0.06851449,  0.39985788,
   0.19898301,  0.2085542 , -0.2769311 ],
 [-0.3422453 , -0.6842099 , -0.27100134,  0.19684125,  0.14671336, -0.07343888, -0.00624943, -0.21953782,  0.06359483,  0.17165   , -0.43390265,  0.05585683,  0.23923695, -0.08307322,  0.20677066,
   0.71827394, -0.02437208,  0.08150402, -0.25260684,  0.03095162,  0.07620198,  0.03851889, -0.34378865,  0.06988628,  0.40745792,  0.14370689,  0.18959124, -0.07995072,  0.13791806,  0.04920927,
  -0.16950852,  0.08393942, -0.2994728 , -0.14260907,  0.06407074,  0.07070482, -0.220404  ,  0.25686038,  0.16194749, -0.21949597, -0.3726677 , -0.03873549, -0.09229197,  0.03133929, -0.1234251 ,
  -0.33439195, -0.12485672, -0.0799262 ],
 [ 0.12935445, -0.23330663,  0.41449925, -0.41838682,  0.25053403, -0.04547476,  0.26782694,  0.02163944,  0.3720084 , -0.07763282, -0.1976535 ,  0.22532919, -0.02853522,  0.07581438,  0.3532237 ,
  -0.2214091 ,  0.19038966, -0.17821819, -0.0211936 ,  0.02230668, -0.31969345, -0.14423251,  0.26936504,  0.2163966 , -0.01478924,  0.05128547, -0.05571787,  0.40495735, -0.06825417,  0.06987523,
   0.243243  , -0.1576429 ,  0.30827892, -0.27975088,  0.42288586, -0.10043573, -0.06990161, -0.5355145 , -0.09622622, -0.22730954, -0.17231646, -0.03050333,  0.1885272 ,  0.04707452,  0.06394615,
  -0.19044274, -0.27398118,  0.56718403],
 [-0.14568289,  0.2806989 , -0.07150449,  0.00044988,  0.24648964,  0.21541409, -0.02209158, -0.11809846, -0.01712918,  0.0661757 ,  0.19576956,  0.00077125,  0.10596691,  0.5587655 ,  0.10630336,
   0.08034032, -0.45433238, -0.823193  ,  0.11913124, -0.01522496, -0.09886888,  0.06786151, -0.01371258,  0.38260993,  0.0241627 , -0.24981712,  0.1928523 , -0.06890265,  0.11423223, -0.16259152,
  -0.12130475,  0.02129649,  0.00390217,  0.11397757, -0.06557523, -0.62431794, -0.10221341,  0.21373828, -0.04983721, -0.0771941 ,  0.27363178, -0.16535132, -0.24760659, -0.04288188, -0.07739118,
  -0.15239894, -0.04761143,  0.09459919],
 [-0.00179268,  0.08544979,  0.30362606, -0.07388355,  0.05153483, -0.13485631, -0.23691855, -0.17015557, -0.09801039,  0.06255282,  0.4041737 , -0.1692283 , -0.13852009, -0.01248446,  0.08113766,
   0.04642828,  0.34610298, -0.6873398 , -0.65984833, -0.15709871,  0.2715695 , -0.28553435, -0.6347306 ,  0.15995853,  0.06601346, -0.27880508, -0.27974385, -0.2670842 ,  0.03543156, -0.16654539,
   0.14898065, -0.5809474 , -0.24245805, -0.36529857, -0.05866625, -0.16229364,  0.23264009, -0.3133212 ,  0.01205884,  0.10138553,  0.6246765 , -0.14819622,  0.05768839, -0.3247388 , -0.6397948 ,
   0.18695237, -0.00091165,  0.30370706],
 [-0.31485444,  0.09160632,  0.5715878 ,  0.13715526,  0.08227467,  0.00264937, -0.3103288 ,  0.2796018 , -0.1197755 ,  0.15085903, -0.5202789 , -0.3421788 ,  0.4600479 , -0.09573711,  0.33311558,
  -0.01848324, -0.31576476,  0.14569211, -0.16880535,  0.16671368,  0.00654625, -0.4022405 ,  0.03430713,  0.53926086,  0.12057988, -0.01319222,  0.33263054,  0.0507638 ,  0.05640122, -0.35278183,
   0.07430597,  0.33364898, -0.17344187,  0.23357709, -0.01887286, -0.18559785,  0.32496035, -0.07961692,  0.13110384, -0.05325909, -0.01114562,  0.13529868,  0.08539329, -0.6316539 , -0.3717122 ,
   0.18106332, -0.02838399, -0.10577264],
 [-0.3041452 , -0.35276395, -0.53354424, -0.02978317, -0.1485155 , -0.15739793, -0.01153848,  0.09354619,  0.6080237 , -0.29834926,  0.33744165,  0.29920262, -0.18207479,  0.06007402, -0.10628328,
   0.05254892,  0.45098788,  0.20651561,  0.11260507, -0.10049553, -0.27921   , -0.04070415,  0.34482217, -0.4996182 , -0.24320012,  0.02408825, -0.20701718, -0.19154069, -0.0894938 , -0.27409598,
  -0.28605783,  0.11181079, -0.33633086, -0.48630735, -0.13025907,  0.19697577, -0.05538357, -0.12946926,  0.01064532, -0.3868783 ,  0.15442036,  0.11419175, -0.08879219,  0.17760457, -0.19255874,
   0.19731759,  0.04099193, -0.05622363],
 [-0.00436885, -0.03184068,  0.25864434, -0.32161698, -0.22525688,  0.21034671, -0.17409398,  0.26641253,  0.39261895, -0.07892371,  0.17302181, -0.37836325,  0.2081774 ,  0.03778898,  0.13425301,
  -0.15269881, -0.4433977 ,  0.14760476, -0.5215566 , -0.09777157,  0.2739769 ,  0.05205966,  0.36121625,  0.31998843, -0.21620663,  0.00499394, -0.01173963, -0.32497028, -0.2793801 , -0.16318226,
  -0.37377626,  0.01518604, -0.04756774, -0.51022077,  0.09783623,  0.15622517,  0.0424042 , -0.06108965,  0.16557409,  0.17640129,  0.05535902, -0.14706886,  0.04726484,  0.3527827 , -0.17254405,
   0.3531036 , -0.1372685 ,  0.00561176],
 [ 2.7813563 ,  0.07263374, -0.4994481 , -0.17956309, -0.33595702,  0.0420604 ,  0.2614362 ,  0.13832346, -0.46909723,  0.44523653,  0.08083928, -0.14710113,  0.03226597,  0.04300639, -0.13377936,
   0.05272482, -0.1994256 , -0.11964931, -0.19269958, -0.38009268,  0.03613396,  0.11238587,  0.16631843,  0.1668377 ,  0.05656238, -0.15782143,  0.1595268 , -0.30720726, -0.1465687 , -0.17631128,
   0.20471671,  0.15797918,  0.13594916,  0.33481348, -0.19921325,  0.11130525, -0.0246555 ,  0.18436389, -0.021361  , -0.10482128,  0.12720864,  0.23740454, -0.19944079, -0.01578532, -0.28960165,
  -0.8256624 ,  0.0426632 ,  0.13636151]]

  Параметр #2, форма: (48,)
  Значения: [ 0.04564289, -0.31652093, -0.04010811, -0.3022551 ,  0.20056535, -0.15319046,  0.1434782 ,  0.18644202, -0.16131139, -0.16757344,  0.0595583 , -0.16388193,  0.01123389, -0.05904566, -0.27561617,
 -0.40859976,  0.02233391, -0.11440392, -0.08019505,  0.09350646,  0.14901827, -0.0310302 , -0.06211318,  0.10030417, -0.19053352,  0.04467941,  0.10261852,  0.10060379, -0.32792497, -0.10870878,
 -0.13746427,  0.0100829 ,  0.08258483,  0.15021515, -0.09166584, -0.09258287,  0.13889828,  0.03868151,  0.18751793,  0.04640713, -0.14625521, -0.21365514, -0.19790216,  0.06664179,  0.11265587,
  0.19552892,  0.15381598,  0.23398507]

--------------------------------------------------------------------------------
Слой: dense_hidden_layer_2 (Dense)
  Параметр #1, форма: (48, 32)
  Значения: [[-0.10973387, -0.23345402,  0.12558521,  0.08669075,  0.01583826,  0.08385032,  0.08536049,  0.1989446 ,  0.30970284,  0.07046476,  0.15357547,  0.07319777, -0.08216494,  0.11475835, -0.25275102,
   2.038804  , -0.20365122,  0.06378559, -0.22142197,  0.1025364 , -0.00524032, -0.26483628,  0.10618127, -0.12171166,  0.17036234,  0.0001964 ,  0.07614212, -0.16012163, -0.15651965, -0.11779784,
   0.11858268,  0.33960968],
 [-0.12827082,  0.20114987, -0.554946  , -0.2437008 , -0.16823097, -0.21202937, -0.38710514,  0.0902108 , -0.04180179,  0.06001726,  0.12115618,  0.07120045,  0.13350837, -0.01288458, -0.241162  ,
   0.2552403 , -0.10388175, -0.14263026, -0.0378201 , -0.2048806 , -0.09662773,  2.4440165 ,  0.06302679, -0.12313966, -0.13062486,  0.20453341,  0.10833541,  0.46608698,  0.24414967,  0.1789424 ,
  -0.32998124,  0.18711163],
 [-0.01103774, -0.10926358,  0.02400315,  0.13084076,  0.08827437, -0.1511021 ,  0.19834132, -0.15428099,  0.04846525, -0.06146234, -0.03299855,  0.20750748, -0.18880142,  0.27587727, -0.36254588,
  -0.15261546,  0.09526258,  0.0745719 , -0.02583952, -0.00953717,  0.05409733, -0.05810773,  0.35366225,  0.179824  ,  0.18418008, -0.23800479, -0.01924168, -0.07744078, -0.20897062,  0.09696044,
  -0.14700833,  0.09388568],
 [-0.26940197,  0.3437629 , -0.16435139,  0.04753043,  0.10633317, -0.11467376,  0.21728727, -0.19370988,  0.27460375,  0.00375017, -0.11297669, -0.05356503,  0.1546649 , -0.11857371, -0.16451003,
  -0.05416626, -0.22704908,  0.449651  , -0.1161056 ,  0.14644365,  0.04679074, -0.22863135, -0.0012421 ,  0.10535352, -0.02845432,  0.20071031,  0.17143948,  0.20736809, -0.059165  , -0.2568307 ,
  -0.10140804,  0.03373053],
 [ 0.1114118 , -0.34301487, -0.0020843 ,  0.02191663, -0.05322427,  0.32503235,  0.09158739,  0.22176933, -0.04065943,  0.21617365,  0.44153756,  0.33865896, -0.19295964, -0.06943959, -0.04366979,
   0.06364673,  0.17016654, -0.13046499,  0.00915778, -0.32540607,  0.2726182 , -0.11995901,  0.01220078, -0.04990561,  0.22976023,  0.9008394 , -0.00409646, -0.0183947 , -0.12310565,  0.39854395,
  -0.12000466,  0.10126258],
 [ 0.05376723,  0.29484564, -0.10220893, -0.14783986,  0.1532333 ,  0.11155801, -0.27330896, -0.14043693,  0.10271658,  0.10631818, -0.13224077, -0.37783065,  0.13629259, -0.24738868, -0.27656043,
  -0.40309933,  0.1487626 ,  0.03410352, -0.05157389,  0.35337836,  0.11486859,  0.21399106, -0.37631574, -0.00444119, -0.4304539 , -0.04141825, -0.03169687,  0.14286494,  0.01235328,  0.16764204,
   0.10538847,  0.32932627],
 [-0.06611763, -0.20732717,  0.05793642, -0.12258474,  0.39706627, -0.06245904, -0.14216495, -0.09705792,  0.1345689 , -0.04268997, -0.13613217,  0.4234945 , -0.22867207,  0.00803624,  0.13518584,
  -0.20639588,  0.06335736, -0.16430768,  0.12632123, -0.1575901 ,  0.11855379,  0.19826446,  0.16215645,  0.03534322, -0.03059408, -0.13012314,  0.30233523, -0.13411656, -0.22804783,  0.16534188,
  -0.15070754, -0.20985542],
 [-0.3856281 , -0.12085515, -0.01563712,  0.05382491,  0.14479499,  0.11009916, -0.05177153, -0.04017637,  0.1343196 ,  0.23706146,  0.0345885 , -0.09932653, -0.1313123 , -0.30759707,  0.11102502,
   0.07560378,  0.14288956, -0.02146142,  0.34313616, -0.08164959,  0.14783776, -0.0104661 , -0.10921326,  0.1273962 ,  0.08859498,  0.07458948,  0.02124415, -0.00855691,  0.44364604,  0.30036575,
   0.11044601,  0.02309179],
 [ 0.26859015,  0.11321234,  0.00647025, -0.06761197, -0.02024769, -0.8426491 ,  0.03504238, -0.07381354,  0.3147604 ,  0.00444673, -0.18978746, -0.00631518, -0.1849065 ,  0.12753178,  0.06658481,
   0.17757979, -0.12219223,  0.00607729, -0.20630425,  0.09942514,  0.13500917,  0.13567816,  0.00024332,  0.05560833,  0.2804388 , -0.0554011 ,  0.02167212, -0.18530497, -0.1352133 ,  0.02353295,
   0.25551817, -0.05637482],
 [-0.04324545, -0.10600909, -0.144112  ,  0.04474676, -0.23807275,  0.26104704, -0.09282979,  0.13759074, -0.26937318,  0.13595305,  0.11757315,  0.07925396, -0.26640993,  0.03905194, -0.26372102,
  -0.0334716 ,  0.1398248 ,  0.16545156,  0.00214886, -0.12604964,  0.0977316 ,  0.00406226, -0.5338918 ,  0.12206429, -0.00545002,  0.18398285, -0.23744556, -0.5939484 ,  0.06216937,  0.07967497,
  -0.44768462, -0.12391102],
 [ 0.70821476, -0.04151434,  0.19520324, -0.10912229, -0.38156632, -0.02376166, -0.03787956, -0.0933946 , -0.03046708,  0.05718522, -0.034819  , -0.30180869,  0.08017018, -0.2586699 , -0.25891334,
   0.13149732,  0.08200379, -0.00776117, -0.21290384, -0.10224063, -0.06868253, -0.23421268, -0.15192358,  0.13945498,  0.29464784, -0.05899784,  0.13101028, -0.25569546,  0.12170776, -0.12373783,
   0.06427261, -0.05662026],
 [ 0.2703597 , -0.16637628,  0.11505614, -0.07003629, -0.02508611, -0.04314395, -0.20136102, -0.00265119, -0.01065023,  0.04719628,  0.01181345,  0.1059718 ,  0.13161594, -0.16147815,  0.17429155,
  -0.29856792,  0.09457135,  0.1638614 , -0.5109454 ,  0.0249108 , -0.11710496, -0.13646097,  0.18473881, -0.13739367, -0.16827865,  0.01905971,  0.1874448 , -0.02850073,  0.20655279,  0.08151191,
  -0.27600196, -0.10660755],
 [-0.11698494,  0.11892509, -0.52674145,  0.6669161 ,  0.11627154,  0.03727425,  0.17481136,  0.59198296,  0.19672021,  0.14345531,  0.02013737, -0.03723855, -0.06221876, -0.16064174, -0.11843734,
  -0.30310726, -0.01898798, -0.3021215 ,  0.03611788, -0.00985736,  0.03556123, -0.13512045,  0.5874859 ,  0.21849348, -0.23267443,  0.05402111, -0.08645586, -0.16843349, -0.17809841,  0.08211575,
  -0.16929707,  0.12547886],
 [ 0.22454299,  0.3627263 , -0.13728996,  0.10869613,  0.17096192, -0.12727755, -0.12407741,  0.22669937,  0.03365706,  0.1462098 , -0.19188267, -0.2752986 , -0.10007488, -0.01874298, -0.22556424,
  -0.00194518, -0.3948864 , -0.21428892,  0.11816   ,  0.10230315, -0.06164128, -0.16826744, -0.14387237, -0.06619346,  0.08469768,  0.14256856, -0.11744069, -0.2009031 ,  0.06023779, -0.19114153,
  -0.10987756,  0.35502458],
 [ 0.10684106,  0.03717461, -0.34074762,  0.0536136 ,  0.16029985, -0.06549902,  0.20472468,  0.27793202,  0.38499415,  0.05278475,  0.12091281,  0.3227971 ,  0.08427036, -0.12650864, -0.10773523,
   0.03234101, -0.2812476 , -0.02304007,  0.228644  , -0.58642226,  0.39298266,  0.20861393, -0.07776645,  0.08731858,  0.00064469,  0.1757764 ,  0.20370305, -0.17668526,  0.1021424 , -0.03260235,
   0.02234329, -0.17012416],
 [ 0.3107291 ,  0.14533935, -0.14979367, -0.21032166, -0.07921391,  0.10846647,  0.05215765,  0.27543944,  0.16278072,  0.2552248 ,  0.0862642 , -0.28047585, -0.03351384,  0.20567742, -0.00791447,
   0.11076991, -0.06375402, -0.14550054, -0.0191494 ,  0.06087787, -0.16874987, -0.04945831, -0.21313338,  0.19718434, -0.06200322,  0.27923736,  0.34175345, -0.01081844, -0.20068981, -0.35419986,
  -0.25653982, -0.36848417],
 [ 0.21095937,  0.01992928,  0.07849132, -0.563383  , -0.22481897,  0.2094325 ,  0.07248025, -0.025302  ,  0.10400274,  0.2924321 , -0.05509763,  0.00919589,  0.03305855,  0.54193836, -0.44020486,
   0.13020237, -0.0236392 ,  0.08798707, -0.12473385, -0.00980535,  0.18452282,  0.5123962 ,  0.20559561, -0.1877174 , -0.05466942, -0.10575677, -0.23569913, -0.09031677,  0.18698151, -0.21662822,
   0.17205271,  0.08899612],
 [-0.13121682, -0.02563187,  0.27667737,  0.15986042,  0.00132028, -0.05970729,  0.01886388, -0.10057153, -0.53082633,  0.33201212,  0.01997475,  0.08665387, -0.01122082, -0.15433069, -0.04817345,
  -0.43111524,  0.5007292 , -0.29514742, -0.1428279 , -0.06594463,  0.3020722 ,  2.2021096 , -0.23734161,  0.2153372 ,  0.1578148 ,  0.08259831,  0.15659092,  0.36327794,  0.29596293, -0.12010166,
   0.26016062,  0.09869292],
 [ 0.06694528, -0.2574601 , -0.03530572, -0.16028714,  0.1099547 ,  0.13610579, -0.56474584, -0.00492496,  0.20202494, -0.03651888,  0.12062316,  0.0621708 ,  0.07586858, -0.06963465, -0.18644252,
  -0.28080145,  0.10213994,  0.00307088, -0.01821463, -0.06224408, -0.0798865 ,  0.20309769, -0.04609424, -0.35945842,  0.19044243, -0.04869775,  0.00829334,  0.2549284 , -0.00513567,  0.0659682 ,
  -0.30030054, -0.05358681],
 [ 0.10805755, -0.37424   ,  0.03310801,  0.01760131,  0.00586158,  0.27421582,  0.05654302,  0.30012563, -0.18273826,  0.03643721,  0.01483129, -0.2579307 ,  0.24156164,  0.44277996, -0.00309459,
   0.11952151,  0.0220685 , -0.1696404 , -0.29062012, -0.18171518, -0.2552324 ,  0.36004603, -0.02866835, -0.0532309 ,  0.2152708 , -0.2403151 , -0.19801547,  0.01030966,  0.19367705,  0.12505041,
   0.03199577,  1.9190837 ],
 [ 0.10910576,  0.03377653, -0.2784843 ,  0.0070508 , -0.19266482,  0.019251  , -0.1073533 ,  0.5383644 , -0.00815541, -0.35222426, -0.02157247,  0.09944977,  0.24934284, -0.12626033, -0.25806326,
   0.14328025, -0.27024543, -0.05668365, -0.03596558, -0.01584283,  0.13058808, -0.17363556, -0.06263239, -0.00181517,  0.03250366,  0.01368321,  0.10532945,  0.23015143,  0.08033978,  0.10298721,
   1.6990466 ,  0.00958166],
 [ 0.12117257,  0.10990873, -0.11444508, -0.12648557, -0.13285427,  0.0974293 ,  0.2722254 , -0.05703612,  0.16423133,  0.0285146 , -0.01981688, -0.04717021,  0.11221876,  0.04372025,  0.32751477,
  -0.22467859,  0.10758855, -0.12905052, -0.15232766, -0.00232245,  0.02736788,  0.7761443 , -0.04357646, -0.2645978 ,  0.03627228, -0.4301789 , -0.01794212,  0.00421979,  0.13038328,  0.16155834,
  -0.09410671, -0.02440229],
 [-0.11117886, -0.28528407,  0.06465177, -0.32283062, -0.10324539, -0.16693273,  0.11382023,  0.249167  , -0.34030965, -0.34434807, -0.02301217,  0.00268131,  0.04245888, -0.07286646, -0.03641165,
   0.08981667,  0.2595561 , -0.3343505 , -0.07209598,  0.0545908 , -0.12282121,  0.44593796, -0.10067388, -0.00934965,  0.11799771, -0.12288981, -0.46752518, -0.06045429,  0.18258172, -0.06928632,
  -0.20828272,  0.14628729],
 [-0.08098482, -0.09445449,  0.02301015,  0.18369289,  0.3321372 ,  0.16725521,  0.15710452, -0.09044138, -0.22051996,  0.01298394,  0.01992171, -0.2043772 , -0.02797033,  0.07725623,  0.09625449,
   0.12701349,  0.04291569, -0.06611776, -0.13575281, -0.24453688,  0.36694974,  0.00324889, -0.03880378, -0.18327141,  0.79075503, -0.24201186, -0.06379296,  0.06059473,  0.09377198,  0.22939917,
   0.3067797 ,  0.06537813],
 [-0.2806273 , -0.03882893,  0.03922234,  0.33318186, -0.22474512,  0.2266337 ,  0.04717673,  0.21458463, -0.01974826, -0.15737753,  0.15628767,  0.10603824,  0.12998675, -0.0035258 , -0.09215153,
  -0.2421783 ,  0.160535  ,  0.08425175, -0.12432352, -0.07965359, -0.08493466, -0.3369224 , -0.1306705 , -0.21384737, -0.08599654, -0.19022325, -0.28351933,  0.29482615,  0.24851948, -0.18424962,
   0.03875446,  0.0788396 ],
 [ 0.153212  , -0.10721005,  0.21566609, -0.09321688, -0.33540282,  0.15577541,  0.2493514 ,  0.48232007, -0.23945597,  0.09224688, -0.1057834 ,  0.21444356, -0.22477917, -0.18160735, -0.11424715,
   0.01767468, -0.14353377,  0.1657474 ,  0.2436516 ,  0.1154511 ,  0.35079548,  0.0947528 , -0.2456732 ,  0.26776215, -0.13402663,  0.18982793,  0.34827283,  0.09896544, -0.34776878, -0.20304878,
   0.2684138 , -0.03837494],
 [ 0.01531976,  0.12275301,  0.08788284,  0.05823423, -0.04453337, -0.08437772,  0.1539918 ,  0.10204042, -0.04010441,  0.1476424 , -0.03101658, -0.13878073, -0.16402717, -0.22294778, -0.05332236,
   0.31546342, -0.15432197,  0.03169531, -0.16982663, -0.06599134, -0.22692584, -0.02863518, -0.02698662,  0.09098936,  0.06026228, -0.25005698,  0.19650306,  0.05415934,  0.03830268, -0.00158538,
  -0.1373613 ,  0.05482708],
 [ 0.1193075 , -0.35255525, -0.130831  ,  1.7222565 ,  0.05401024,  0.32411423, -0.13047193, -0.12128565, -0.10178456, -0.10571447, -0.08295219,  0.11635123, -0.23127273,  0.05932857, -0.45293808,
  -0.09496443, -0.05255907,  0.24304256, -0.0730997 , -0.50928354, -0.47126967,  0.00680292,  0.12045849,  0.05342104,  0.0349981 ,  0.1889179 , -0.14602283,  0.2182633 , -0.30538723, -0.1342929 ,
  -0.437718  , -0.0395953 ],
 [-0.00712522,  0.01794874,  0.01289772, -0.2249172 , -0.03282008, -0.20744298,  0.26549116, -0.07187446, -0.07763817,  0.25192463, -0.3306731 , -0.30077347, -0.29881752, -0.01666471,  0.06640707,
   0.11640514,  0.45357996, -0.3893399 ,  0.16287701, -0.1352618 , -0.13672462, -0.095149  , -0.23683427,  0.41864622,  0.12652905,  0.00591343,  0.22466397, -0.20868169, -0.2970263 , -0.4851708 ,
  -0.09795296,  0.02800458],
 [ 0.02807386,  0.03381208, -0.33025944,  0.12650631,  0.03298706,  0.12240647, -0.30821165,  0.05006048, -0.18354256, -0.08386057,  0.09327837,  0.02253757, -0.13047655,  0.00122179, -0.19606924,
   0.22693509, -0.02756226,  0.3027949 , -0.12795122, -0.10394894, -0.10608053,  0.18722253, -0.16905534,  0.09941348, -0.08035127, -0.4870813 , -0.13670467, -0.28869617,  0.00868384, -0.31519252,
   0.17224723, -0.01914213],
 [-0.04315896,  0.1503152 ,  0.26347142, -0.00257313, -0.13770531, -0.29730335, -0.1130766 , -0.09809627,  0.02472495, -0.04781817,  0.16218577, -0.14014454, -0.0093045 ,  0.19348651,  0.07488412,
  -0.01433704, -0.15392916, -0.15964818, -0.22864713, -0.11471778,  0.1968366 , -0.05450907, -0.34879595,  0.22583188,  0.0860558 , -0.27587694, -0.10786906,  0.01605926,  0.31466648, -0.18414189,
   0.16511242,  0.20186448],
 [-0.15417938, -0.03534632, -0.17850511, -0.030888  , -0.00780017,  0.1079381 ,  0.17915177, -0.14832804, -0.43792257, -0.00305825,  0.04461057,  0.04055079, -0.08823926,  0.02305152,  0.32529104,
   0.06174487, -0.07414649, -0.06851191, -0.02227475,  0.3197741 , -0.03391092, -0.00289509, -0.10985415,  0.2999672 ,  0.3616992 ,  0.09842952,  0.02222622,  0.0091614 , -0.46399975,  0.17522107,
   0.0194493 ,  0.08643573],
 [-0.11902828, -0.05761172, -0.07772053,  0.14853393, -0.08690637,  0.40304378,  0.0881585 , -0.18837194, -0.01885597, -0.13838027, -0.59639245,  0.22431794,  0.11833063,  0.13579722,  0.02261006,
  -0.35328665, -0.0984617 ,  0.1569277 , -0.180634  , -0.4303333 , -0.0388939 , -0.03642473,  0.03160277,  0.16400339,  0.15571283,  0.04245196,  0.2599926 , -0.29481655,  0.12200857,  0.10762043,
  -0.2741793 , -0.38558766],
 [-0.13838589, -0.08987707,  0.15247366, -0.10889868, -0.19309747, -0.16315505,  0.22134382,  0.00254341, -0.03995121, -0.01554572,  0.21127631, -0.19628969,  0.29618868,  0.02694136, -0.02507107,
   0.5678542 , -0.25243622, -0.08852727, -0.20857933,  0.25125206,  0.35107452,  0.38255888,  0.26231346, -0.02849006, -0.09808217, -0.24095859,  0.33331835,  0.11556414, -0.10702638,  0.33207542,
  -0.19681843,  0.07392185],
 [-0.04530361,  0.08390004, -0.0160655 , -0.2323821 ,  0.019016  ,  0.15376464, -0.00619015,  0.19954562, -0.20501147, -0.00621046, -0.15306213,  0.17554136,  0.00828067,  0.13258487,  0.16492145,
   0.09203786,  0.04437521, -0.14693008, -0.00058112, -0.08176109, -0.04533462, -0.04918626, -0.2440723 , -0.41795948, -0.11959535,  0.04995876, -0.18387665,  0.00425126,  0.41275954,  0.15668388,
   0.37226582,  0.09347191],
 [ 0.221293  , -0.18354072, -0.09556107, -0.4581704 ,  0.16586687,  0.24215421, -0.08924512, -0.06648702, -0.10370145,  0.07242003,  0.23038056, -0.4513894 ,  0.11204655, -0.06570994,  0.03057987,
   0.1113019 , -0.05054251, -0.02389501, -0.02947306,  0.17997831,  0.09283757,  0.03924321, -0.21156366, -0.08005261,  0.23739089,  0.00494494,  0.15818612,  0.41153303,  0.2790372 ,  2.2559183 ,
  -0.12202954, -0.5184229 ],
 [-0.02630705, -0.06738511,  0.09340373, -0.03979359, -0.07781428, -0.27562803, -0.20186146,  0.08349099,  0.21854217, -0.01517814,  0.04679721,  0.23880763, -0.13319656,  0.06167439, -0.19850364,
   0.15748872,  0.01929158,  0.05014266, -0.11242525,  0.09984405,  0.28658158, -0.21549395, -0.05233086,  0.04156519,  0.1994158 , -0.10564348, -0.74090064,  0.27142313,  0.1407148 , -0.4131789 ,
  -0.08313359,  0.21835811],
 [ 0.3221233 ,  0.18591383, -0.04279206,  0.02171018, -0.02402204,  0.24174646, -0.17525879, -0.21859603,  0.25155887, -0.01157555,  0.22557561, -0.16138716, -0.00905432, -0.14472097,  0.00195664,
  -0.1905212 , -0.13111366, -0.21269593,  0.17159115,  0.11955328, -0.30782056,  0.21086085,  0.5310905 ,  0.00816697, -0.14315708,  0.36240625, -0.17875648,  0.00282998,  0.03377097,  0.33169973,
   0.09261492, -0.08089437],
 [-0.20070629, -0.08194085, -0.16991572,  0.00892101, -0.1148411 , -0.21807197,  0.16297488, -0.07396173, -0.27743578, -0.02303392,  0.01053435, -0.3073823 ,  0.04560977, -0.16165128,  0.44635254,
   0.0675156 , -0.0890609 , -0.13628562, -0.02367568,  0.13060187, -0.00405555, -0.0545909 ,  0.01160443, -0.1495972 , -0.06386714, -0.5667796 ,  0.23372588,  0.08036484, -0.15633114,  0.37235388,
   0.02069314, -0.26554608],
 [ 0.23019984,  0.0692738 ,  0.0963597 , -0.06691837,  0.09313774, -0.0399489 ,  0.09863225, -0.5026025 , -0.06404902,  0.37817723, -0.16396622, -0.08687378, -0.07805498, -0.25428474, -0.33941814,
  -0.0563766 ,  0.03666563, -0.00828448, -0.02226247,  0.00832111,  0.24207513, -0.03193342, -0.07402349, -0.05794015,  0.1550198 ,  0.2596844 , -0.11820403,  0.02665251,  0.07741684, -0.2307123 ,
   0.0042729 , -0.39608687],
 [-0.40325898,  0.09479105, -0.08810235,  0.04749486, -0.00302391, -0.16688126, -0.01094619, -0.20951936,  0.29111657, -0.22089319, -0.04834203, -0.14837174,  0.14189689, -0.07132536, -0.07969968,
   0.17594828,  0.00493874,  0.08983061, -0.17470168, -0.19017182,  0.02915224, -0.04166274,  0.1403524 , -0.01445877,  0.04544665, -0.29013863,  0.42624873, -0.03842061,  0.1591906 , -0.11944938,
   0.06875403, -0.21814592],
 [ 0.05888753, -0.06670775,  0.00555099,  0.13620389, -0.28387126, -0.11753331,  0.0789623 ,  0.2831796 , -0.03143438,  0.12416121, -0.01901043,  0.44743118, -0.35910463,  0.01849352, -0.32783327,
  -0.55189574,  0.06653643,  0.02354245, -0.04182261, -0.01584223,  0.68357736, -0.06588249,  0.09519199, -0.09811187,  0.07025861, -0.05936984, -0.10522664,  0.3925384 ,  0.29828435,  0.01754205,
  -0.32690063, -0.05043344],
 [ 0.6256576 , -0.03143875,  0.2200499 ,  0.28256392,  0.03765832, -0.21451296, -0.36827794,  0.12189359, -0.19601187,  0.02298808, -0.2819553 , -0.06546775,  0.00890101,  0.0686772 , -0.19316396,
   0.254681  , -0.08203688, -0.27488887, -0.01525727,  0.00593482,  0.04103505,  0.241616  , -0.04945586, -0.02274452, -0.21392913,  0.22113644,  0.03130137, -0.09192055, -0.35840127,  0.19506735,
  -0.24359745, -0.145676  ],
 [ 0.05038877, -0.16309036, -0.22214086, -0.50790215,  0.16810139, -0.11428338,  0.57168853, -0.25601882, -0.22066106, -0.13918135,  0.05989934, -0.10397237,  0.11866151, -0.24853435, -0.36342645,
  -0.2329107 , -0.2971365 , -0.13878758, -0.05026966, -0.16117978,  0.22821678,  0.17637806, -0.0461712 , -0.26758695, -0.09236398, -0.11894501, -0.15102386, -0.18977046, -0.12503555, -0.07834865,
  -0.12916021,  0.04288033],
 [ 0.07301994, -0.1159239 ,  0.1604787 , -0.13765427, -0.22815903,  0.08770261, -0.12778343,  0.0830274 , -0.6332074 ,  0.37656495,  0.17814702, -0.24943843, -0.29789516,  0.2541298 , -0.18089332,
  -0.2147925 , -0.5710242 , -0.06669638, -0.05426188,  0.10048508, -0.1846171 , -0.36103618,  0.08521055,  0.2751809 , -0.22057977,  0.27322602,  0.00739715,  0.27122435, -0.01733985, -0.6597442 ,
  -0.02584689,  0.28260285],
 [-0.13267365, -0.05359014, -0.03344407, -0.7207954 ,  0.32769498, -0.22420317,  0.11833888, -0.01361168,  0.33507308,  0.0548158 , -0.06083256, -0.15284258,  0.15958762, -0.35315883,  0.09780817,
  -0.19673531,  0.19354582,  0.02519099,  0.09899178,  0.0162645 , -0.42774445, -0.18093178,  0.17360727,  0.03669904,  0.2692921 ,  0.09065849, -0.18610941, -0.18152025,  0.01402936, -0.5860502 ,
   0.40349394,  0.07169286],
 [ 0.29408193, -0.20211357,  0.19683108,  0.3026812 , -0.31895724,  0.18349287,  0.00027351, -0.19562307,  0.09866672,  0.19199196, -0.08956748,  0.25903055, -0.23076054, -0.22845289,  0.02683018,
   0.005654  , -0.1057581 ,  0.12420236,  0.08295652,  0.13844162, -0.01964395,  0.11116526, -0.09927345,  0.39192757, -0.19569689,  0.48938006,  0.00504919, -0.18325734,  0.35013986,  0.0173511 ,
   0.12592739,  0.15821487],
 [ 0.07401016, -0.12566808,  0.2654543 ,  0.00019437,  0.12812153, -0.38981384,  0.07595744, -0.0948659 ,  0.24210468,  0.0907078 ,  0.03427303,  0.07858565, -0.17111973,  0.435542  ,  0.42140195,
   0.10693698,  0.288062  , -0.11026037, -0.13872777,  0.00626424,  0.06401826, -0.10474992,  0.14629875,  0.04064152, -0.14800017,  0.09788668,  0.13261838,  0.03083949,  0.16725646, -0.23564523,
   0.07777841, -0.20840587]]

  Параметр #2, форма: (32,)
  Значения: [-0.07796245, -0.05973746, -0.12789509, -0.04785847, -0.02738035,  0.10497644, -0.04285942, -0.19260295,  0.12747118, -0.10579752, -0.00402809,  0.04342544,  0.02718793,  0.13124728,  0.06427915,
 -0.10395399,  0.2782923 ,  0.02240338, -0.01757432,  0.09804584,  0.03277626,  0.04952541,  0.31263822, -0.03103443, -0.02718092,  0.00765182,  0.14169563, -0.1602544 , -0.16719526, -0.04346766,
 -0.20323505, -0.05306249]

--------------------------------------------------------------------------------
Слой: dense_hidden_layer_3 (Dense)
  Параметр #1, форма: (32, 16)
  Значения: [[ 0.09291741, -0.1479571 , -0.1928038 ,  0.00889262,  0.08232941, -0.31701162,  0.08547234,  0.13445815,  0.14354432,  0.1863818 ,  0.43460074, -0.03490032,  0.01976085, -0.04175954,  0.00019518,
   0.21798956],
 [-0.13652077, -0.15679282,  0.21109636,  0.09968134, -0.03594843,  0.13884562,  0.06277635,  0.21468292,  0.01162785,  0.18797895,  0.4287092 ,  0.07144198,  0.00801823,  0.11865398, -0.06428427,
   0.3902346 ],
 [ 0.03638981, -0.03176917, -0.16719718,  0.16925246,  0.14663023, -0.0524909 ,  0.07882622, -0.27139086,  0.03199383,  0.04480272,  0.2649297 , -0.08039553, -0.2621135 , -0.1738025 , -0.12943323,
   0.25371107],
 [ 0.3043954 ,  0.042827  ,  1.5451784 ,  0.01923288, -0.0159056 , -0.04405263, -0.04044521, -0.21918753,  0.02924191, -0.00753262,  0.09928612,  0.01299197, -0.03152223, -0.13035247,  0.01117742,
   0.14814302],
 [-0.22058053,  0.00991172,  0.03426357, -0.14527448, -0.07985009,  0.03130418, -0.131645  ,  0.03750828, -0.15818569,  0.19128537,  0.4723825 , -0.15523699,  0.06491274, -0.07191325,  0.21223344,
  -0.16738106],
 [ 0.06205761, -0.17028612, -0.03300288, -0.12202256,  0.15886962, -0.17138265,  0.05747125, -0.06545086, -0.0157797 ,  0.0225582 , -0.1493516 ,  0.04260883,  0.18914965, -0.09191357,  0.12120892,
   0.23499094],
 [-0.07835911, -0.20402879,  0.03099496, -0.07635243,  0.18486553,  0.00651629, -0.09448387, -0.15021166,  0.20825395, -0.10129122,  0.00520744,  0.09795146, -0.08423179, -0.00633211, -0.00297461,
   0.09834934],
 [ 0.07851362, -0.03182488,  0.01130344, -0.07236546, -0.14779694,  0.03932957,  0.18570866, -0.12945907, -0.14901415, -0.11723176,  0.14347062,  0.07377476, -0.03142078, -0.16390817,  0.00979021,
  -0.18800156],
 [ 0.01982914,  0.09881506, -0.18697318, -0.22500719,  0.31690595, -0.08726372,  0.20640692, -0.03065355, -0.03107034,  0.05158456, -0.13221027,  0.01763525, -0.0529829 , -0.1776718 ,  0.0628479 ,
  -0.03809733],
 [-0.02396671, -0.24633026,  0.1609824 ,  0.13033523,  0.17395382, -0.03398957, -0.28078473,  0.23646039, -0.0116563 , -0.09794905,  0.05461183,  0.18778917, -0.00264794,  0.16125727,  0.15242806,
  -0.14397007],
 [-0.1029291 ,  0.15422098, -0.42696545, -0.02497594, -0.18409102, -0.05172196, -0.05347375, -0.06768548, -0.06794342, -0.15325694,  0.34342268,  0.28702757, -0.1948824 ,  0.15681618, -0.06974027,
   0.01309687],
 [-0.00926837, -0.12295834,  0.1422502 ,  0.01397957, -0.09713965, -0.25206062, -0.16095059, -0.23008503,  0.00140457, -0.23813243, -0.0407877 ,  0.25910196,  0.15887427, -0.00425142, -0.01775614,
   0.286537  ],
 [ 0.0573442 , -0.03897091, -0.21104471,  0.03907784,  0.12094963, -0.0890644 ,  0.05270954, -0.04868194, -0.03746217, -0.28501847, -0.0355071 ,  0.10125704, -0.1111009 ,  0.01076358, -0.14017169,
   0.0562949 ],
 [-0.03211175, -0.17581505,  0.26436904,  0.1897826 , -0.08378918,  0.10179365,  0.06008686,  0.07877441, -0.17684777,  0.12548657, -0.1023983 , -0.06769196,  0.47734338,  0.04967275, -0.05854728,
  -0.3818824 ],
 [ 0.19162418, -0.25274503, -0.17025158, -0.05697812,  0.2181117 ,  0.14905006, -0.01933093,  0.04217663, -0.10856073,  0.02083565,  0.01416886,  0.12879828,  0.13104843,  0.09541157, -0.05291909,
   0.11260108],
 [-0.01208804, -0.13546689, -0.0674742 ,  0.0091122 ,  0.17485178, -0.03321705, -0.13987172,  0.00973325,  0.01831093,  0.02136824,  0.11482351,  0.14254482, -0.10227317, -0.10190908,  1.0487428 ,
   0.12564257],
 [ 0.25880432, -0.05138431, -0.04390557,  0.19303332,  0.09722823,  0.07099955, -0.22125126,  0.10529582, -0.11033183, -0.17544146, -0.04705461, -0.10071088, -0.03264454, -0.26990813,  0.16277446,
   0.19225296],
 [-0.23096308,  0.19936247, -0.15231936,  0.15603772, -0.00897702,  0.00443015, -0.02030863,  0.18699618, -0.13721459,  0.09475453,  0.18338042,  0.09872008,  0.34832937, -0.10139778,  0.10200132,
  -0.01934906],
 [ 0.13993455, -0.00075794, -0.04464403,  0.2343352 , -0.06855765, -0.27032477, -0.0789445 ,  0.0600275 ,  0.2422916 ,  0.01186149,  0.24007155, -0.15369023, -0.05888513, -0.05165527, -0.02295996,
   0.01141406],
 [ 0.12889871, -0.05145434,  0.02559476, -0.00755726, -0.10730557, -0.0145582 , -0.01567707, -0.02261758,  0.00371919,  0.01256058, -0.08857299,  0.12196809, -0.180734  , -0.11404088,  0.5448094 ,
  -0.15639062],
 [-0.20963007,  0.10786045, -0.25828648, -0.02369661,  0.30011722, -0.15501525, -0.30840293, -0.19280909,  0.13810469,  0.12305841, -0.10150382,  0.132401  ,  0.16069907,  0.23704202, -0.04005355,
  -0.24193339],
 [-0.10988041, -0.05222951, -0.05078369,  1.842016  ,  0.1777492 ,  0.19404249, -0.03395886,  0.21749943,  0.07228181,  0.00699355,  0.10182478,  0.01225523,  2.1539235 , -0.13887818, -0.05222763,
  -0.02442788],
 [ 0.08391114,  0.17010586, -0.00471884, -0.2281227 ,  0.15498509,  0.10716251, -0.20794824, -0.00054264, -0.23098445, -0.10345614, -0.09589607,  0.16553155,  0.01420645, -0.14982189,  0.1346282 ,
  -0.22099264],
 [ 0.04731194, -0.14666846, -0.05552757,  0.08178071,  0.09116805,  0.1300574 , -0.01298305,  0.05903641, -0.04221107,  0.02538308,  0.08671554, -0.01314404, -0.26229942,  0.06743812,  0.04251696,
  -0.06920311],
 [-0.24389984,  0.2817448 ,  0.07219366, -0.03472342, -0.21293727, -0.14503397,  0.16143203,  0.01326719, -0.08134744,  0.09675903, -0.15794247,  0.3011308 ,  0.25991562, -0.07413154, -0.09043498,
  -0.47259486],
 [-0.2616771 , -0.20659168,  0.01408593, -0.06436429, -0.19517036, -0.03790936,  2.07354   ,  0.0893611 , -0.22394522, -0.0240366 , -0.17524578,  0.10389891,  0.10947498, -0.15768655, -0.15448517,
  -0.08502546],
 [-0.44803256,  0.03699253, -0.02793945,  0.15174046, -0.13919373, -0.11541325, -0.25473934, -0.20311859, -0.14512606,  0.14782444, -0.10483542,  0.0150313 , -0.06092228, -0.18242818, -0.02424975,
   0.08073742],
 [-0.11640283,  0.12335133, -0.11191887, -0.04571274,  0.06828924, -0.0832133 ,  0.00519182, -0.03434396,  0.01951554, -0.40796554, -0.30089226,  0.11316349,  0.15005206, -0.1385025 , -0.04501216,
   0.04184272],
 [ 0.11949514, -0.2894324 , -0.12481535, -0.05949274,  0.08009252,  0.3300003 , -0.02722003, -0.18904318,  0.04830097,  0.20979266,  0.01977706, -0.16484144,  0.12929049,  0.13553078, -0.16460167,
   0.05295463],
 [ 0.18673286,  0.20744063, -0.01180596, -0.04163442,  0.17977598, -0.23012766,  0.06598347, -0.2334022 ,  1.9392284 , -0.04851297,  0.15995091,  0.07782885, -0.1323268 ,  0.2437729 ,  0.27262893,
   0.08757129],
 [-0.12909889, -0.04300433,  0.0157461 , -0.09930039,  0.1964135 ,  0.02029621, -0.37079564,  0.05988323, -0.0628208 , -0.01212912, -0.0357628 ,  0.15966886,  0.19109924,  0.02782291, -0.06290505,
   1.2326436 ],
 [ 1.2083462 , -0.11739264,  0.08168805,  0.08890696,  0.22035566,  0.12912929, -0.13684487,  0.1613358 , -0.16211095,  0.10190956, -0.05414499, -0.18651147,  0.02881052, -0.27311265, -0.26991218,
  -0.01992777]]

  Параметр #2, форма: (16,)
  Значения: [ 0.00419279, -0.02786448, -0.09243376, -0.04899378,  0.02149817,  0.03638553, -0.0015048 ,  0.11370345,  0.03067507, -0.06008646, -0.01467956, -0.07646114, -0.00709911,  0.09185816,  0.0645416 ,
  0.12087589]

--------------------------------------------------------------------------------
Слой: dense_output_layer (Dense)
  Параметр #1, форма: (16, 1)
  Значения: [[ 1.2588599 ],
 [ 0.09659071],
 [ 1.0645791 ],
 [ 1.0049726 ],
 [-0.00256747],
 [ 0.07140239],
 [ 1.2355483 ],
 [-0.02517256],
 [ 1.2960722 ],
 [ 0.13223468],
 [-0.01341358],
 [-0.10918523],
 [ 1.5092273 ],
 [-0.04551361],
 [ 0.9254932 ],
 [ 1.1888843 ]]

  Параметр #2, форма: (1,)
  Значения: [0.07240194]

--------------------------------------------------------------------------------
